4000000000000000000000000000000000000000000000000000000000000000000000000000000000000000000000000000000000000000000000000000000000000000000000000000000000000000000000000000
2000000000000000000000000000000000000000000000000000000000000000000000000000000000000000000000000000000000000000000000000000000000000000000000000000000000000000000000000000
1000000000000000000000000000000000000000000000000000000000000000000000000000000000000000000000000000000000000000000000000000000000000000000000000000000000000000000000000000
0800000000000000000000000000000000000000000000000000000000000000000000000000000000000000000000000000000000000000000000000000000000000000000000000000000000000000000000000000
0400000000000000000000000000000000000000000000000000000000000000000000000000000000000000000000000000000000000000000000000000000000000000000000000000000000000000000000000000
0200000000000000000000000000000000000000000000000000000000000000000000000000000000000000000000000000000000000000000000000000000000000000000000000000000000000000000000000000
0100000000000000000000000000000000000000000000000000000000000000000000000000000000000000000000000000000000000000000000000000000000000000000000000000000000000000000000000000
0080000000000000000000000000000000000000000000000000000000000000000000000000000000000000000000000000000000000000000000000000000000000000000000000000000000000000000000000000
0040000000000000000000000000000000000000000000000000000000000000000000000000000000000000000000000000000000000000000000000000000000000000000000000000000000000000000000000000
0020000000000000000000000000000000000000000000000000000000000000000000000000000000000000000000000000000000000000000000000000000000000000000000000000000000000000000000000000
0010000000000000000000000000000000000000000000000000000000000000000000000000000000000000000000000000000000000000000000000000000000000000000000000000000000000000000000000000
0008000000000000000000000000000000000000000000000000000000000000000000000000000000000000000000000000000000000000000000000000000000000000000000000000000000000000000000000000
0004000000000000000000000000000000000000000000000000000000000000000000000000000000000000000000000000000000000000000000000000000000000000000000000000000000000000000000000000
0002000000000000000000000000000000000000000000000000000000000000000000000000000000000000000000000000000000000000000000000000000000000000000000000000000000000000000000000000
0001000000000000000000000000000000000000000000000000000000000000000000000000000000000000000000000000000000000000000000000000000000000000000000000000000000000000000000000000
0000800000000000000000000000000000000000000000000000000000000000000000000000000000000000000000000000000000000000000000000000000000000000000000000000000000000000000000000000
0000400000000000000000000000000000000000000000000000000000000000000000000000000000000000000000000000000000000000000000000000000000000000000000000000000000000000000000000000
0000200000000000000000000000000000000000000000000000000000000000000000000000000000000000000000000000000000000000000000000000000000000000000000000000000000000000000000000000
0000100000000000000000000000000000000000000000000000000000000000000000000000000000000000000000000000000000000000000000000000000000000000000000000000000000000000000000000000
0000080000000000000000000000000000000000000000000000000000000000000000000000000000000000000000000000000000000000000000000000000000000000000000000000000000000000000000000000
0000040000000000000000000000000000000000000000000000000000000000000000000000000000000000000000000000000000000000000000000000000000000000000000000000000000000000000000000000
0000020000000000000000000000000000000000000000000000000000000000000000000000000000000000000000000000000000000000000000000000000000000000000000000000000000000000000000000000
0000010000000000000000000000000000000000000000000000000000000000000000000000000000000000000000000000000000000000000000000000000000000000000000000000000000000000000000000000
0000008000000000000000000000000000000000000000000000000000000000000000000000000000000000000000000000000000000000000000000000000000000000000000000000000000000000000000000000
0000004000000000000000000000000000000000000000000000000000000000000000000000000000000000000000000000000000000000000000000000000000000000000000000000000000000000000000000000
0000002000000000000000000000000000000000000000000000000000000000000000000000000000000000000000000000000000000000000000000000000000000000000000000000000000000000000000000000
0000001000000000000000000000000000000000000000000000000000000000000000000000000000000000000000000000000000000000000000000000000000000000000000000000000000000000000000000000
0000000800000000000000000000000000000000000000000000000000000000000000000000000000000000000000000000000000000000000000000000000000000000000000000000000000000000000000000000
0000000400000000000000000000000000000000000000000000000000000000000000000000000000000000000000000000000000000000000000000000000000000000000000000000000000000000000000000000
0000000200000000000000000000000000000000000000000000000000000000000000000000000000000000000000000000000000000000000000000000000000000000000000000000000000000000000000000000
0000000100000000000000000000000000000000000000000000000000000000000000000000000000000000000000000000000000000000000000000000000000000000000000000000000000000000000000000000
0000000080000000000000000000000000000000000000000000000000000000000000000000000000000000000000000000000000000000000000000000000000000000000000000000000000000000000000000000
0000000040000000000000000000000000000000000000000000000000000000000000000000000000000000000000000000000000000000000000000000000000000000000000000000000000000000000000000000
0000000020000000000000000000000000000000000000000000000000000000000000000000000000000000000000000000000000000000000000000000000000000000000000000000000000000000000000000000
0000000010000000000000000000000000000000000000000000000000000000000000000000000000000000000000000000000000000000000000000000000000000000000000000000000000000000000000000000
0000000008000000000000000000000000000000000000000000000000000000000000000000000000000000000000000000000000000000000000000000000000000000000000000000000000000000000000000000
0000000004000000000000000000000000000000000000000000000000000000000000000000000000000000000000000000000000000000000000000000000000000000000000000000000000000000000000000000
0000000002000000000000000000000000000000000000000000000000000000000000000000000000000000000000000000000000000000000000000000000000000000000000000000000000000000000000000000
0000000001000000000000000000000000000000000000000000000000000000000000000000000000000000000000000000000000000000000000000000000000000000000000000000000000000000000000000000
0000000000800000000000000000000000000000000000000000000000000000000000000000000000000000000000000000000000000000000000000000000000000000000000000000000000000000000000000000
0000000000400000000000000000000000000000000000000000000000000000000000000000000000000000000000000000000000000000000000000000000000000000000000000000000000000000000000000000
0000000000200000000000000000000000000000000000000000000000000000000000000000000000000000000000000000000000000000000000000000000000000000000000000000000000000000000000000000
0000000000100000000000000000000000000000000000000000000000000000000000000000000000000000000000000000000000000000000000000000000000000000000000000000000000000000000000000000
0000000000080000000000000000000000000000000000000000000000000000000000000000000000000000000000000000000000000000000000000000000000000000000000000000000000000000000000000000
0000000000040000000000000000000000000000000000000000000000000000000000000000000000000000000000000000000000000000000000000000000000000000000000000000000000000000000000000000
0000000000020000000000000000000000000000000000000000000000000000000000000000000000000000000000000000000000000000000000000000000000000000000000000000000000000000000000000000
0000000000010000000000000000000000000000000000000000000000000000000000000000000000000000000000000000000000000000000000000000000000000000000000000000000000000000000000000000
0000000000008000000000000000000000000000000000000000000000000000000000000000000000000000000000000000000000000000000000000000000000000000000000000000000000000000000000000000
0000000000004000000000000000000000000000000000000000000000000000000000000000000000000000000000000000000000000000000000000000000000000000000000000000000000000000000000000000
0000000000002000000000000000000000000000000000000000000000000000000000000000000000000000000000000000000000000000000000000000000000000000000000000000000000000000000000000000
0000000000001000000000000000000000000000000000000000000000000000000000000000000000000000000000000000000000000000000000000000000000000000000000000000000000000000000000000000
0000000000000800000000000000000000000000000000000000000000000000000000000000000000000000000000000000000000000000000000000000000000000000000000000000000000000000000000000000
0000000000000400000000000000000000000000000000000000000000000000000000000000000000000000000000000000000000000000000000000000000000000000000000000000000000000000000000000000
0000000000000200000000000000000000000000000000000000000000000000000000000000000000000000000000000000000000000000000000000000000000000000000000000000000000000000000000000000
0000000000000100000000000000000000000000000000000000000000000000000000000000000000000000000000000000000000000000000000000000000000000000000000000000000000000000000000000000
0000000000000080000000000000000000000000000000000000000000000000000000000000000000000000000000000000000000000000000000000000000000000000000000000000000000000000000000000000
0000000000000040000000000000000000000000000000000000000000000000000000000000000000000000000000000000000000000000000000000000000000000000000000000000000000000000000000000000
0000000000000020000000000000000000000000000000000000000000000000000000000000000000000000000000000000000000000000000000000000000000000000000000000000000000000000000000000000
0000000000000010000000000000000000000000000000000000000000000000000000000000000000000000000000000000000000000000000000000000000000000000000000000000000000000000000000000000
0000000000000008000000000000000000000000000000000000000000000000000000000000000000000000000000000000000000000000000000000000000000000000000000000000000000000000000000000000
0000000000000004000000000000000000000000000000000000000000000000000000000000000000000000000000000000000000000000000000000000000000000000000000000000000000000000000000000000
0000000000000002000000000000000000000000000000000000000000000000000000000000000000000000000000000000000000000000000000000000000000000000000000000000000000000000000000000000
0000000000000001000000000000000000000000000000000000000000000000000000000000000000000000000000000000000000000000000000000000000000000000000000000000000000000000000000000000
0000000000000000800000000000000000000000000000000000000000000000000000000000000000000000000000000000000000000000000000000000000000000000000000000000000000000000000000000000
0000000000000000400000000000000000000000000000000000000000000000000000000000000000000000000000000000000000000000000000000000000000000000000000000000000000000000000000000000
0000000000000000200000000000000000000000000000000000000000000000000000000000000000000000000000000000000000000000000000000000000000000000000000000000000000000000000000000000
0000000000000000100000000000000000000000000000000000000000000000000000000000000000000000000000000000000000000000000000000000000000000000000000000000000000000000000000000000
0000000000000000080000000000000000000000000000000000000000000000000000000000000000000000000000000000000000000000000000000000000000000000000000000000000000000000000000000000
0000000000000000040000000000000000000000000000000000000000000000000000000000000000000000000000000000000000000000000000000000000000000000000000000000000000000000000000000000
0000000000000000020000000000000000000000000000000000000000000000000000000000000000000000000000000000000000000000000000000000000000000000000000000000000000000000000000000000
0000000000000000010000000000000000000000000000000000000000000000000000000000000000000000000000000000000000000000000000000000000000000000000000000000000000000000000000000000
0000000000000000008000000000000000000000000000000000000000000000000000000000000000000000000000000000000000000000000000000000000000000000000000000000000000000000000000000000
0000000000000000004000000000000000000000000000000000000000000000000000000000000000000000000000000000000000000000000000000000000000000000000000000000000000000000000000000000
0000000000000000002000000000000000000000000000000000000000000000000000000000000000000000000000000000000000000000000000000000000000000000000000000000000000000000000000000000
0000000000000000001000000000000000000000000000000000000000000000000000000000000000000000000000000000000000000000000000000000000000000000000000000000000000000000000000000000
0000000000000000000800000000000000000000000000000000000000000000000000000000000000000000000000000000000000000000000000000000000000000000000000000000000000000000000000000000
0000000000000000000400000000000000000000000000000000000000000000000000000000000000000000000000000000000000000000000000000000000000000000000000000000000000000000000000000000
0000000000000000000200000000000000000000000000000000000000000000000000000000000000000000000000000000000000000000000000000000000000000000000000000000000000000000000000000000
0000000000000000000100000000000000000000000000000000000000000000000000000000000000000000000000000000000000000000000000000000000000000000000000000000000000000000000000000000
0000000000000000000080000000000000000000000000000000000000000000000000000000000000000000000000000000000000000000000000000000000000000000000000000000000000000000000000000000
0000000000000000000040000000000000000000000000000000000000000000000000000000000000000000000000000000000000000000000000000000000000000000000000000000000000000000000000000000
0000000000000000000020000000000000000000000000000000000000000000000000000000000000000000000000000000000000000000000000000000000000000000000000000000000000000000000000000000
0000000000000000000010000000000000000000000000000000000000000000000000000000000000000000000000000000000000000000000000000000000000000000000000000000000000000000000000000000
0000000000000000000008000000000000000000000000000000000000000000000000000000000000000000000000000000000000000000000000000000000000000000000000000000000000000000000000000000
0000000000000000000004000000000000000000000000000000000000000000000000000000000000000000000000000000000000000000000000000000000000000000000000000000000000000000000000000000
0000000000000000000002000000000000000000000000000000000000000000000000000000000000000000000000000000000000000000000000000000000000000000000000000000000000000000000000000000
0000000000000000000001000000000000000000000000000000000000000000000000000000000000000000000000000000000000000000000000000000000000000000000000000000000000000000000000000000
0000000000000000000000800000000000000000000000000000000000000000000000000000000000000000000000000000000000000000000000000000000000000000000000000000000000000000000000000000
0000000000000000000000400000000000000000000000000000000000000000000000000000000000000000000000000000000000000000000000000000000000000000000000000000000000000000000000000000
0000000000000000000000200000000000000000000000000000000000000000000000000000000000000000000000000000000000000000000000000000000000000000000000000000000000000000000000000000
0000000000000000000000100000000000000000000000000000000000000000000000000000000000000000000000000000000000000000000000000000000000000000000000000000000000000000000000000000
0000000000000000000000080000000000000000000000000000000000000000000000000000000000000000000000000000000000000000000000000000000000000000000000000000000000000000000000000000
0000000000000000000000040000000000000000000000000000000000000000000000000000000000000000000000000000000000000000000000000000000000000000000000000000000000000000000000000000
0000000000000000000000020000000000000000000000000000000000000000000000000000000000000000000000000000000000000000000000000000000000000000000000000000000000000000000000000000
0000000000000000000000010000000000000000000000000000000000000000000000000000000000000000000000000000000000000000000000000000000000000000000000000000000000000000000000000000
0000000000000000000000008000000000000000000000000000000000000000000000000000000000000000000000000000000000000000000000000000000000000000000000000000000000000000000000000000
0000000000000000000000004000000000000000000000000000000000000000000000000000000000000000000000000000000000000000000000000000000000000000000000000000000000000000000000000000
0000000000000000000000002000000000000000000000000000000000000000000000000000000000000000000000000000000000000000000000000000000000000000000000000000000000000000000000000000
0000000000000000000000001000000000000000000000000000000000000000000000000000000000000000000000000000000000000000000000000000000000000000000000000000000000000000000000000000
0000000000000000000000000800000000000000000000000000000000000000000000000000000000000000000000000000000000000000000000000000000000000000000000000000000000000000000000000000
0000000000000000000000000400000000000000000000000000000000000000000000000000000000000000000000000000000000000000000000000000000000000000000000000000000000000000000000000000
0000000000000000000000000200000000000000000000000000000000000000000000000000000000000000000000000000000000000000000000000000000000000000000000000000000000000000000000000000
0000000000000000000000000100000000000000000000000000000000000000000000000000000000000000000000000000000000000000000000000000000000000000000000000000000000000000000000000000
0000000000000000000000000080000000000000000000000000000000000000000000000000000000000000000000000000000000000000000000000000000000000000000000000000000000000000000000000000
0000000000000000000000000040000000000000000000000000000000000000000000000000000000000000000000000000000000000000000000000000000000000000000000000000000000000000000000000000
0000000000000000000000000020000000000000000000000000000000000000000000000000000000000000000000000000000000000000000000000000000000000000000000000000000000000000000000000000
0000000000000000000000000010000000000000000000000000000000000000000000000000000000000000000000000000000000000000000000000000000000000000000000000000000000000000000000000000
0000000000000000000000000008000000000000000000000000000000000000000000000000000000000000000000000000000000000000000000000000000000000000000000000000000000000000000000000000
0000000000000000000000000004000000000000000000000000000000000000000000000000000000000000000000000000000000000000000000000000000000000000000000000000000000000000000000000000
0000000000000000000000000002000000000000000000000000000000000000000000000000000000000000000000000000000000000000000000000000000000000000000000000000000000000000000000000000
0000000000000000000000000001000000000000000000000000000000000000000000000000000000000000000000000000000000000000000000000000000000000000000000000000000000000000000000000000
0000000000000000000000000000800000000000000000000000000000000000000000000000000000000000000000000000000000000000000000000000000000000000000000000000000000000000000000000000
0000000000000000000000000000400000000000000000000000000000000000000000000000000000000000000000000000000000000000000000000000000000000000000000000000000000000000000000000000
0000000000000000000000000000200000000000000000000000000000000000000000000000000000000000000000000000000000000000000000000000000000000000000000000000000000000000000000000000
0000000000000000000000000000100000000000000000000000000000000000000000000000000000000000000000000000000000000000000000000000000000000000000000000000000000000000000000000000
0000000000000000000000000000080000000000000000000000000000000000000000000000000000000000000000000000000000000000000000000000000000000000000000000000000000000000000000000000
0000000000000000000000000000040000000000000000000000000000000000000000000000000000000000000000000000000000000000000000000000000000000000000000000000000000000000000000000000
0000000000000000000000000000020000000000000000000000000000000000000000000000000000000000000000000000000000000000000000000000000000000000000000000000000000000000000000000000
0000000000000000000000000000010000000000000000000000000000000000000000000000000000000000000000000000000000000000000000000000000000000000000000000000000000000000000000000000
0000000000000000000000000000008000000000000000000000000000000000000000000000000000000000000000000000000000000000000000000000000000000000000000000000000000000000000000000000
0000000000000000000000000000004000000000000000000000000000000000000000000000000000000000000000000000000000000000000000000000000000000000000000000000000000000000000000000000
0000000000000000000000000000002000000000000000000000000000000000000000000000000000000000000000000000000000000000000000000000000000000000000000000000000000000000000000000000
0000000000000000000000000000001000000000000000000000000000000000000000000000000000000000000000000000000000000000000000000000000000000000000000000000000000000000000000000000
0000000000000000000000000000000800000000000000000000000000000000000000000000000000000000000000000000000000000000000000000000000000000000000000000000000000000000000000000000
0000000000000000000000000000000400000000000000000000000000000000000000000000000000000000000000000000000000000000000000000000000000000000000000000000000000000000000000000000
0000000000000000000000000000000200000000000000000000000000000000000000000000000000000000000000000000000000000000000000000000000000000000000000000000000000000000000000000000
0000000000000000000000000000000100000000000000000000000000000000000000000000000000000000000000000000000000000000000000000000000000000000000000000000000000000000000000000000
0000000000000000000000000000000080000000000000000000000000000000000000000000000000000000000000000000000000000000000000000000000000000000000000000000000000000000000000000000
0000000000000000000000000000000040000000000000000000000000000000000000000000000000000000000000000000000000000000000000000000000000000000000000000000000000000000000000000000
0000000000000000000000000000000020000000000000000000000000000000000000000000000000000000000000000000000000000000000000000000000000000000000000000000000000000000000000000000
0000000000000000000000000000000010000000000000000000000000000000000000000000000000000000000000000000000000000000000000000000000000000000000000000000000000000000000000000000
0000000000000000000000000000000008000000000000000000000000000000000000000000000000000000000000000000000000000000000000000000000000000000000000000000000000000000000000000000
0000000000000000000000000000000004000000000000000000000000000000000000000000000000000000000000000000000000000000000000000000000000000000000000000000000000000000000000000000
0000000000000000000000000000000002000000000000000000000000000000000000000000000000000000000000000000000000000000000000000000000000000000000000000000000000000000000000000000
0000000000000000000000000000000001000000000000000000000000000000000000000000000000000000000000000000000000000000000000000000000000000000000000000000000000000000000000000000
0000000000000000000000000000000000800000000000000000000000000000000000000000000000000000000000000000000000000000000000000000000000000000000000000000000000000000000000000000
0000000000000000000000000000000000400000000000000000000000000000000000000000000000000000000000000000000000000000000000000000000000000000000000000000000000000000000000000000
0000000000000000000000000000000000200000000000000000000000000000000000000000000000000000000000000000000000000000000000000000000000000000000000000000000000000000000000000000
0000000000000000000000000000000000100000000000000000000000000000000000000000000000000000000000000000000000000000000000000000000000000000000000000000000000000000000000000000
0000000000000000000000000000000000080000000000000000000000000000000000000000000000000000000000000000000000000000000000000000000000000000000000000000000000000000000000000000
0000000000000000000000000000000000040000000000000000000000000000000000000000000000000000000000000000000000000000000000000000000000000000000000000000000000000000000000000000
0000000000000000000000000000000000020000000000000000000000000000000000000000000000000000000000000000000000000000000000000000000000000000000000000000000000000000000000000000
0000000000000000000000000000000000010000000000000000000000000000000000000000000000000000000000000000000000000000000000000000000000000000000000000000000000000000000000000000
0000000000000000000000000000000000008000000000000000000000000000000000000000000000000000000000000000000000000000000000000000000000000000000000000000000000000000000000000000
0000000000000000000000000000000000004000000000000000000000000000000000000000000000000000000000000000000000000000000000000000000000000000000000000000000000000000000000000000
0000000000000000000000000000000000002000000000000000000000000000000000000000000000000000000000000000000000000000000000000000000000000000000000000000000000000000000000000000
0000000000000000000000000000000000001000000000000000000000000000000000000000000000000000000000000000000000000000000000000000000000000000000000000000000000000000000000000000
0000000000000000000000000000000000000800000000000000000000000000000000000000000000000000000000000000000000000000000000000000000000000000000000000000000000000000000000000000
0000000000000000000000000000000000000400000000000000000000000000000000000000000000000000000000000000000000000000000000000000000000000000000000000000000000000000000000000000
0000000000000000000000000000000000000200000000000000000000000000000000000000000000000000000000000000000000000000000000000000000000000000000000000000000000000000000000000000
0000000000000000000000000000000000000100000000000000000000000000000000000000000000000000000000000000000000000000000000000000000000000000000000000000000000000000000000000000
0000000000000000000000000000000000000080000000000000000000000000000000000000000000000000000000000000000000000000000000000000000000000000000000000000000000000000000000000000
0000000000000000000000000000000000000040000000000000000000000000000000000000000000000000000000000000000000000000000000000000000000000000000000000000000000000000000000000000
0000000000000000000000000000000000000020000000000000000000000000000000000000000000000000000000000000000000000000000000000000000000000000000000000000000000000000000000000000
0000000000000000000000000000000000000010000000000000000000000000000000000000000000000000000000000000000000000000000000000000000000000000000000000000000000000000000000000000
0000000000000000000000000000000000000008000000000000000000000000000000000000000000000000000000000000000000000000000000000000000000000000000000000000000000000000000000000000
0000000000000000000000000000000000000004000000000000000000000000000000000000000000000000000000000000000000000000000000000000000000000000000000000000000000000000000000000000
0000000000000000000000000000000000000002000000000000000000000000000000000000000000000000000000000000000000000000000000000000000000000000000000000000000000000000000000000000
0000000000000000000000000000000000000001000000000000000000000000000000000000000000000000000000000000000000000000000000000000000000000000000000000000000000000000000000000000
0000000000000000000000000000000000000000800000000000000000000000000000000000000000000000000000000000000000000000000000000000000000000000000000000000000000000000000000000000
0000000000000000000000000000000000000000400000000000000000000000000000000000000000000000000000000000000000000000000000000000000000000000000000000000000000000000000000000000
0000000000000000000000000000000000000000200000000000000000000000000000000000000000000000000000000000000000000000000000000000000000000000000000000000000000000000000000000000
0000000000000000000000000000000000000000100000000000000000000000000000000000000000000000000000000000000000000000000000000000000000000000000000000000000000000000000000000000
0000000000000000000000000000000000000000080000000000000000000000000000000000000000000000000000000000000000000000000000000000000000000000000000000000000000000000000000000000
0000000000000000000000000000000000000000040000000000000000000000000000000000000000000000000000000000000000000000000000000000000000000000000000000000000000000000000000000000
0000000000000000000000000000000000000000020000000000000000000000000000000000000000000000000000000000000000000000000000000000000000000000000000000000000000000000000000000000
0000000000000000000000000000000000000000010000000000000000000000000000000000000000000000000000000000000000000000000000000000000000000000000000000000000000000000000000000000
0000000000000000000000000000000000000000008000000000000000000000000000000000000000000000000000000000000000000000000000000000000000000000000000000000000000000000000000000000
0000000000000000000000000000000000000000004000000000000000000000000000000000000000000000000000000000000000000000000000000000000000000000000000000000000000000000000000000000
0000000000000000000000000000000000000000002000000000000000000000000000000000000000000000000000000000000000000000000000000000000000000000000000000000000000000000000000000000
0000000000000000000000000000000000000000001000000000000000000000000000000000000000000000000000000000000000000000000000000000000000000000000000000000000000000000000000000000
0000000000000000000000000000000000000000000800000000000000000000000000000000000000000000000000000000000000000000000000000000000000000000000000000000000000000000000000000000
0000000000000000000000000000000000000000000400000000000000000000000000000000000000000000000000000000000000000000000000000000000000000000000000000000000000000000000000000000
0000000000000000000000000000000000000000000200000000000000000000000000000000000000000000000000000000000000000000000000000000000000000000000000000000000000000000000000000000
0000000000000000000000000000000000000000000100000000000000000000000000000000000000000000000000000000000000000000000000000000000000000000000000000000000000000000000000000000
0000000000000000000000000000000000000000000080000000000000000000000000000000000000000000000000000000000000000000000000000000000000000000000000000000000000000000000000000000
0000000000000000000000000000000000000000000040000000000000000000000000000000000000000000000000000000000000000000000000000000000000000000000000000000000000000000000000000000
0000000000000000000000000000000000000000000020000000000000000000000000000000000000000000000000000000000000000000000000000000000000000000000000000000000000000000000000000000
0000000000000000000000000000000000000000000010000000000000000000000000000000000000000000000000000000000000000000000000000000000000000000000000000000000000000000000000000000
0000000000000000000000000000000000000000000008000000000000000000000000000000000000000000000000000000000000000000000000000000000000000000000000000000000000000000000000000000
0000000000000000000000000000000000000000000004000000000000000000000000000000000000000000000000000000000000000000000000000000000000000000000000000000000000000000000000000000
0000000000000000000000000000000000000000000002000000000000000000000000000000000000000000000000000000000000000000000000000000000000000000000000000000000000000000000000000000
0000000000000000000000000000000000000000000001000000000000000000000000000000000000000000000000000000000000000000000000000000000000000000000000000000000000000000000000000000
0000000000000000000000000000000000000000000000800000000000000000000000000000000000000000000000000000000000000000000000000000000000000000000000000000000000000000000000000000
0000000000000000000000000000000000000000000000400000000000000000000000000000000000000000000000000000000000000000000000000000000000000000000000000000000000000000000000000000
0000000000000000000000000000000000000000000000200000000000000000000000000000000000000000000000000000000000000000000000000000000000000000000000000000000000000000000000000000
0000000000000000000000000000000000000000000000100000000000000000000000000000000000000000000000000000000000000000000000000000000000000000000000000000000000000000000000000000
0000000000000000000000000000000000000000000000080000000000000000000000000000000000000000000000000000000000000000000000000000000000000000000000000000000000000000000000000000
0000000000000000000000000000000000000000000000040000000000000000000000000000000000000000000000000000000000000000000000000000000000000000000000000000000000000000000000000000
0000000000000000000000000000000000000000000000020000000000000000000000000000000000000000000000000000000000000000000000000000000000000000000000000000000000000000000000000000
0000000000000000000000000000000000000000000000010000000000000000000000000000000000000000000000000000000000000000000000000000000000000000000000000000000000000000000000000000
0000000000000000000000000000000000000000000000008000000000000000000000000000000000000000000000000000000000000000000000000000000000000000000000000000000000000000000000000000
0000000000000000000000000000000000000000000000004000000000000000000000000000000000000000000000000000000000000000000000000000000000000000000000000000000000000000000000000000
0000000000000000000000000000000000000000000000002000000000000000000000000000000000000000000000000000000000000000000000000000000000000000000000000000000000000000000000000000
0000000000000000000000000000000000000000000000001000000000000000000000000000000000000000000000000000000000000000000000000000000000000000000000000000000000000000000000000000
0000000000000000000000000000000000000000000000000800000000000000000000000000000000000000000000000000000000000000000000000000000000000000000000000000000000000000000000000000
0000000000000000000000000000000000000000000000000400000000000000000000000000000000000000000000000000000000000000000000000000000000000000000000000000000000000000000000000000
0000000000000000000000000000000000000000000000000200000000000000000000000000000000000000000000000000000000000000000000000000000000000000000000000000000000000000000000000000
0000000000000000000000000000000000000000000000000100000000000000000000000000000000000000000000000000000000000000000000000000000000000000000000000000000000000000000000000000
0000000000000000000000000000000000000000000000000080000000000000000000000000000000000000000000000000000000000000000000000000000000000000000000000000000000000000000000000000
0000000000000000000000000000000000000000000000000040000000000000000000000000000000000000000000000000000000000000000000000000000000000000000000000000000000000000000000000000
0000000000000000000000000000000000000000000000000020000000000000000000000000000000000000000000000000000000000000000000000000000000000000000000000000000000000000000000000000
0000000000000000000000000000000000000000000000000010000000000000000000000000000000000000000000000000000000000000000000000000000000000000000000000000000000000000000000000000
0000000000000000000000000000000000000000000000000008000000000000000000000000000000000000000000000000000000000000000000000000000000000000000000000000000000000000000000000000
0000000000000000000000000000000000000000000000000004000000000000000000000000000000000000000000000000000000000000000000000000000000000000000000000000000000000000000000000000
0000000000000000000000000000000000000000000000000002000000000000000000000000000000000000000000000000000000000000000000000000000000000000000000000000000000000000000000000000
0000000000000000000000000000000000000000000000000001000000000000000000000000000000000000000000000000000000000000000000000000000000000000000000000000000000000000000000000000
0000000000000000000000000000000000000000000000000000800000000000000000000000000000000000000000000000000000000000000000000000000000000000000000000000000000000000000000000000
0000000000000000000000000000000000000000000000000000400000000000000000000000000000000000000000000000000000000000000000000000000000000000000000000000000000000000000000000000
0000000000000000000000000000000000000000000000000000200000000000000000000000000000000000000000000000000000000000000000000000000000000000000000000000000000000000000000000000
0000000000000000000000000000000000000000000000000000100000000000000000000000000000000000000000000000000000000000000000000000000000000000000000000000000000000000000000000000
0000000000000000000000000000000000000000000000000000080000000000000000000000000000000000000000000000000000000000000000000000000000000000000000000000000000000000000000000000
0000000000000000000000000000000000000000000000000000040000000000000000000000000000000000000000000000000000000000000000000000000000000000000000000000000000000000000000000000
0000000000000000000000000000000000000000000000000000020000000000000000000000000000000000000000000000000000000000000000000000000000000000000000000000000000000000000000000000
0000000000000000000000000000000000000000000000000000010000000000000000000000000000000000000000000000000000000000000000000000000000000000000000000000000000000000000000000000
0000000000000000000000000000000000000000000000000000008000000000000000000000000000000000000000000000000000000000000000000000000000000000000000000000000000000000000000000000
0000000000000000000000000000000000000000000000000000004000000000000000000000000000000000000000000000000000000000000000000000000000000000000000000000000000000000000000000000
0000000000000000000000000000000000000000000000000000002000000000000000000000000000000000000000000000000000000000000000000000000000000000000000000000000000000000000000000000
0000000000000000000000000000000000000000000000000000001000000000000000000000000000000000000000000000000000000000000000000000000000000000000000000000000000000000000000000000
0000000000000000000000000000000000000000000000000000000800000000000000000000000000000000000000000000000000000000000000000000000000000000000000000000000000000000000000000000
0000000000000000000000000000000000000000000000000000000400000000000000000000000000000000000000000000000000000000000000000000000000000000000000000000000000000000000000000000
0000000000000000000000000000000000000000000000000000000200000000000000000000000000000000000000000000000000000000000000000000000000000000000000000000000000000000000000000000
0000000000000000000000000000000000000000000000000000000100000000000000000000000000000000000000000000000000000000000000000000000000000000000000000000000000000000000000000000
0000000000000000000000000000000000000000000000000000000080000000000000000000000000000000000000000000000000000000000000000000000000000000000000000000000000000000000000000000
0000000000000000000000000000000000000000000000000000000040000000000000000000000000000000000000000000000000000000000000000000000000000000000000000000000000000000000000000000
0000000000000000000000000000000000000000000000000000000020000000000000000000000000000000000000000000000000000000000000000000000000000000000000000000000000000000000000000000
0000000000000000000000000000000000000000000000000000000010000000000000000000000000000000000000000000000000000000000000000000000000000000000000000000000000000000000000000000
0000000000000000000000000000000000000000000000000000000008000000000000000000000000000000000000000000000000000000000000000000000000000000000000000000000000000000000000000000
0000000000000000000000000000000000000000000000000000000004000000000000000000000000000000000000000000000000000000000000000000000000000000000000000000000000000000000000000000
0000000000000000000000000000000000000000000000000000000002000000000000000000000000000000000000000000000000000000000000000000000000000000000000000000000000000000000000000000
0000000000000000000000000000000000000000000000000000000001000000000000000000000000000000000000000000000000000000000000000000000000000000000000000000000000000000000000000000
0000000000000000000000000000000000000000000000000000000000800000000000000000000000000000000000000000000000000000000000000000000000000000000000000000000000000000000000000000
0000000000000000000000000000000000000000000000000000000000400000000000000000000000000000000000000000000000000000000000000000000000000000000000000000000000000000000000000000
0000000000000000000000000000000000000000000000000000000000200000000000000000000000000000000000000000000000000000000000000000000000000000000000000000000000000000000000000000
0000000000000000000000000000000000000000000000000000000000100000000000000000000000000000000000000000000000000000000000000000000000000000000000000000000000000000000000000000
0000000000000000000000000000000000000000000000000000000000080000000000000000000000000000000000000000000000000000000000000000000000000000000000000000000000000000000000000000
0000000000000000000000000000000000000000000000000000000000040000000000000000000000000000000000000000000000000000000000000000000000000000000000000000000000000000000000000000
0000000000000000000000000000000000000000000000000000000000020000000000000000000000000000000000000000000000000000000000000000000000000000000000000000000000000000000000000000
0000000000000000000000000000000000000000000000000000000000010000000000000000000000000000000000000000000000000000000000000000000000000000000000000000000000000000000000000000
0000000000000000000000000000000000000000000000000000000000008000000000000000000000000000000000000000000000000000000000000000000000000000000000000000000000000000000000000000
0000000000000000000000000000000000000000000000000000000000004000000000000000000000000000000000000000000000000000000000000000000000000000000000000000000000000000000000000000
0000000000000000000000000000000000000000000000000000000000002000000000000000000000000000000000000000000000000000000000000000000000000000000000000000000000000000000000000000
0000000000000000000000000000000000000000000000000000000000001000000000000000000000000000000000000000000000000000000000000000000000000000000000000000000000000000000000000000
0000000000000000000000000000000000000000000000000000000000000800000000000000000000000000000000000000000000000000000000000000000000000000000000000000000000000000000000000000
0000000000000000000000000000000000000000000000000000000000000400000000000000000000000000000000000000000000000000000000000000000000000000000000000000000000000000000000000000
0000000000000000000000000000000000000000000000000000000000000200000000000000000000000000000000000000000000000000000000000000000000000000000000000000000000000000000000000000
0000000000000000000000000000000000000000000000000000000000000100000000000000000000000000000000000000000000000000000000000000000000000000000000000000000000000000000000000000
0000000000000000000000000000000000000000000000000000000000000080000000000000000000000000000000000000000000000000000000000000000000000000000000000000000000000000000000000000
0000000000000000000000000000000000000000000000000000000000000040000000000000000000000000000000000000000000000000000000000000000000000000000000000000000000000000000000000000
0000000000000000000000000000000000000000000000000000000000000020000000000000000000000000000000000000000000000000000000000000000000000000000000000000000000000000000000000000
0000000000000000000000000000000000000000000000000000000000000010000000000000000000000000000000000000000000000000000000000000000000000000000000000000000000000000000000000000
0000000000000000000000000000000000000000000000000000000000000008000000000000000000000000000000000000000000000000000000000000000000000000000000000000000000000000000000000000
0000000000000000000000000000000000000000000000000000000000000004000000000000000000000000000000000000000000000000000000000000000000000000000000000000000000000000000000000000
0000000000000000000000000000000000000000000000000000000000000002000000000000000000000000000000000000000000000000000000000000000000000000000000000000000000000000000000000000
0000000000000000000000000000000000000000000000000000000000000001000000000000000000000000000000000000000000000000000000000000000000000000000000000000000000000000000000000000
002346698CAFD2F5183B5E81A4C7EA0D3154779ABDE00326496C8FB2D5F81B3E6285A8CBEE1134577A9DC0E306294C6F93B6D9FC1F426588ABCEF114375A7DA0C4E70A2D507396B9DCFF2245688BAED1F5183B5E81A4
0124476A8DB0D3F6193C5F82A5C8EB0F3255789BBEE104274A6D90B3D6F91C406386A9CCEF1235587B9EC1E4072A4D7194B7DAFD20436689ACCFF215385B7EA2C5E80B2E517497BADD002346698CAFD3F6193C5F82A5
0225486B8EB1D4F71A3D6083A6C9ED103356799CBFE205284B6E91B4D7FA1E416487AACDF01336597C9FC2E5082B4F7295B8DBFE2144678AADD0F316395C80A3C6E90C2F527598BBDE0124476A8DB1D4F71A3D6083A6
0326496C8FB2D5F81B3E6184A7CBEE1134577A9DC0E306294C6F92B5D8FC1F426588ABCEF114375A7DA0C3E6092D507396B9DCFF2245688BAED1F4173A5E81A4C7EA0D30537699BCDF0225486B8FB2D5F81B3E6184A7
04274A6D90B3D6F91C3F6285A9CCEF1235587B9EC1E4072A4D7093B6DAFD20436689ACCFF215385B7EA1C4E70B2E517497BADD002346698CAFD2F5183C5F82A5C8EB0E3154779ABDE00326496D90B3D6F91C3F6285A8
05284B6E91B4D7FA1D406387AACDF01336597C9FC2E5082B4E7194B8DBFE2144678AADD0F316395C7FA2C5E90C2F527598BBDE0124476A8DB0D3F61A3D6083A6C9EC0F3255789BBEE104274B6E91B4D7FA1D406386A9
06294C6F92B5D8FB1E416588ABCEF114375A7DA0C3E6092C4F7296B9DCFF2245688BAED1F4173A5D80A3C7EA0D30537699BCDF0225486B8EB1D4F81B3E6184A7CAED103356799CBFE205294C6F92B5D8FB1E416487AA
072A4D7093B6D9FC1F436689ACCFF215385B7EA1C4E70A2D507497BADD002346698CAFD2F5183B5E81A5C8EB0E3154779ABDE00326496C8FB2D6F91C3F6285A8CBEE1134577A9DC0E3072A4D7093B6D9FC1F426588AB
082B4E7194B7DAFD2144678AADD0F316395C7FA2C5E80B2E527598BBDE0124476A8DB0D3F6193C5F83A6C9EC0F3255789BBEE104274A6D90B4D7FA1D406386A9CCEF1235587B9EC1E5082B4E7194B7DAFD20436689AC
092C4F7295B8DBFF2245688BAED1F4173A5D80A3C6E90C30537699BCDF0225486B8EB1D4F71A3D6184A7CAED103356799CBFE205284B6E92B5D8FB1E416487AACDF01336597C9FC3E6092C4F7295B8DBFE2144678AAD
0A2D507396B9DD002346698CAFD2F5183B5E81A4C7EA0E3154779ABDE00326496C8FB2D5F81B3F6285A8CBEE1134577A9DC0E306294C7093B6D9FC1F426588ABCEF114375A7DA1C4E70A2D507396B9DCFF2245688BAE
0B2E517497BBDE0124476A8DB0D3F6193C5F82A5C8EC0F3255789BBEE104274A6D90B3D6F91D406386A9CCEF1235587B9EC1E4072A4E7194B7DAFD20436689ACCFF215385B7FA2C5E80B2E517497BADD002346698CB0
0C2F527599BCDF0225486B8EB1D4F71A3D6083A6CAED103356799CBFE205284B6E91B4D7FB1E416487AACDF01336597C9FC2E5082C4F7295B8DBFE2144678AADD0F316395D80A3C6E90C2F527598BBDE0124476A8EB1
0D3053779ABDE00326496C8FB2D5F81B3E6184A8CBEE1134577A9DC0E306294C6F92B5D9FC1F426588ABCEF114375A7DA0C3E60A2D507396B9DCFF2245688BAED1F4173B5E81A4C7EA0D30537699BCDF0225486C8FB2
0E3155789BBEE104274A6D90B3D6F91C3F6286A9CCEF1235587B9EC1E4072A4D7093B7DAFD20436689ACCFF215385B7EA1C4E80B2E517497BADD002346698CAFD2F5193C5F82A5C8EB0E3154779ABDE003264A6D90B3
0F3356799CBFE205284B6E91B4D7FA1D406487AACDF01336597C9FC2E5082B4E7195B8DBFE2144678AADD0F316395C7FA2C6E90C2F527598BBDE0124476A8DB0D3F71A3D6083A6C9EC0F3255789BBEE104284B6E91B4
1134577A9DC0E306294C6F92B5D8FB1E426588ABCEF114375A7DA0C3E6092C4F7396B9DCFF2245688BAED1F4173A5D80A4C7EA0D30537699BCDF0225486B8EB1D5F81B3E6184A7CAED103356799CBFE206294C6F92B5
1235587B9EC1E4072A4D7093B6D9FC20436689ACCFF215385B7EA1C4E70A2D517497BADD002346698CAFD2F5183B5E82A5C8EB0E3154779ABDE00326496C8FB3D6F91C3F6285A8CBEE1134577A9DC0E4072A4D7093B6
1336597C9FC2E5082B4E7194B7DAFE2144678AADD0F316395C7FA2C5E80B2F527598BBDE0124476A8DB0D3F6193C6083A6C9EC0F3255789BBEE104274A6D91B4D7FA1D406386A9CCEF1235587B9EC2E5082B4E7194B7
14375A7DA0C3E6092C4F7295B8DCFF2245688BAED1F4173A5D80A3C6E90D30537699BCDF0225486B8EB1D4F71A3E6184A7CAED103356799CBFE205284B6F92B5D8FB1E416487AACDF01336597CA0C3E6092C4F7295B8
15385B7EA1C4E70A2D507396BADD002346698CAFD2F5183B5E81A4C7EB0E3154779ABDE00326496C8FB2D5F81C3F6285A8CBEE1134577A9DC0E306294D7093B6D9FC1F426588ABCEF114375A7EA1C4E70A2D507396B9
16395C7FA2C5E80B2E517498BBDE0124476A8DB0D3F6193C5F82A5C9EC0F3255789BBEE104274A6D90B3D6FA1D406386A9CCEF1235587B9EC1E4072B4E7194B7DAFD20436689ACCFF215385C7FA2C5E80B2E517497BA
173A5D80A3C6E90C2F527699BCDF0225486B8EB1D4F71A3D6083A7CAED103356799CBFE205284B6E91B4D8FB1E416487AACDF01336597C9FC2E5092C4F7295B8DBFE2144678AADD0F3163A5D80A3C6E90C2F527598BB
183B5E81A4C7EA0D3054779ABDE00326496C8FB2D5F81B3E6185A8CBEE1134577A9DC0E306294C6F92B6D9FC1F426588ABCEF114375A7DA0C3E70A2D507396B9DCFF2245688BAED1F4183B5E81A4C7EA0D30537699BC
193C5F82A5C8EB0E3255789BBEE104274A6D90B3D6F91C3F6386A9CCEF1235587B9EC1E4072A4D7094B7DAFD20436689ACCFF215385B7EA1C5E80B2E517497BADD002346698CAFD2F6193C5F82A5C8EB0E3154779ABD
1A3D6083A6C9EC103356799CBFE205284B6E91B4D7FA1D416487AACDF01336597C9FC2E5082B4E7295B8DBFE2144678AADD0F316395C7FA3C6E90C2F527598BBDE0124476A8DB0D4F71A3D6083A6C9EC0F3255789BBE
1B3E6184A7CAEE1134577A9DC0E306294C6F92B5D8FB1F426588ABCEF114375A7DA0C3E6092C507396B9DCFF2245688BAED1F4173A5D81A4C7EA0D30537699BCDF0225486B8EB2D5F81B3E6184A7CAED103356799CBF
1C3F6285A8CCEF1235587B9EC1E4072A4D7093B6D9FD20436689ACCFF215385B7EA1C4E70A2E517497BADD002346698CAFD2F5183B5F82A5C8EB0E3154779ABDE00326496C90B3D6F91C3F6285A8CBEE1134577A9DC1
1D406386AACDF01336597C9FC2E5082B4E7194B7DBFE2144678AADD0F316395C7FA2C5E80C2F527598BBDE0124476A8DB0D3F6193D6083A6C9EC0F3255789BBEE104274A6E91B4D7FA1D406386A9CCEF1235587B9FC2
1E416488ABCEF114375A7DA0C3E6092C4F7295B9DCFF2245688BAED1F4173A5D80A3C6EA0D30537699BCDF0225486B8EB1D4F71B3E6184A7CAED103356799CBFE205284C6F92B5D8FB1E416487AACDF01336597DA0C3
1F426689ACCFF215385B7EA1C4E70A2D507397BADD002346698CAFD2F5183B5E81A4C8EB0E3154779ABDE00326496C8FB2D5F91C3F6285A8CBEE1134577A9DC0E3062A4D7093B6D9FC1F426588ABCEF114375B7EA1C4
2044678AADD0F316395C7FA2C5E80B2E517598BBDE0124476A8DB0D3F6193C5F82A6C9EC0F3255789BBEE104274A6D90B3D7FA1D406386A9CCEF1235587B9EC1E4082B4E7194B7DAFD20436689ACCFF215395C7FA2C5
2245688BAED1F4173A5D80A3C6E90C2F537699BCDF0225486B8EB1D4F71A3D6084A7CAED103356799CBFE205284B6E91B5D8FB1E416487AACDF01336597C9FC2E6092C4F7295B8DBFE2144678AADD0F3173A5D80A3C6
2346698CAFD2F5183B5E81A4C7EA0D3154779ABDE00326496C8FB2D5F81B3E6285A8CBEE1134577A9DC0E306294C6F93B6D9FC1F426588ABCEF114375A7DA0C4E70A2D507396B9DCFF2245688BAED1F5183B5E81A4C7
24476A8DB0D3F6193C5F82A5C8EB0F3255789BBEE104274A6D90B3D6F91C406386A9CCEF1235587B9EC1E4072A4D7194B7DAFD20436689ACCFF215385B7EA2C5E80B2E517497BADD002346698CAFD3F6193C5F82A5C8
25486B8EB1D4F71A3D6083A6C9ED103356799CBFE205284B6E91B4D7FA1E416487AACDF01336597C9FC2E5082B4F7295B8DBFE2144678AADD0F316395C80A3C6E90C2F527598BBDE0124476A8DB1D4F71A3D6083A6C9
26496C8FB2D5F81B3E6184A7CBEE1134577A9DC0E306294C6F92B5D8FC1F426588ABCEF114375A7DA0C3E6092D507396B9DCFF2245688BAED1F4173A5E81A4C7EA0D30537699BCDF0225486B8FB2D5F81B3E6184A7CA
274A6D90B3D6F91C3F6285A9CCEF1235587B9EC1E4072A4D7093B6DAFD20436689ACCFF215385B7EA1C4E70B2E517497BADD002346698CAFD2F5183C5F82A5C8EB0E3154779ABDE00326496D90B3D6F91C3F6285A8CB
284B6E91B4D7FA1D406387AACDF01336597C9FC2E5082B4E7194B8DBFE2144678AADD0F316395C7FA2C5E90C2F527598BBDE0124476A8DB0D3F61A3D6083A6C9EC0F3255789BBEE104274B6E91B4D7FA1D406386A9CC
294C6F92B5D8FB1E416588ABCEF114375A7DA0C3E6092C4F7296B9DCFF2245688BAED1F4173A5D80A3C7EA0D30537699BCDF0225486B8EB1D4F81B3E6184A7CAED103356799CBFE205294C6F92B5D8FB1E416487AACD
2A4D7093B6D9FC1F436689ACCFF215385B7EA1C4E70A2D507497BADD002346698CAFD2F5183B5E81A5C8EB0E3154779ABDE00326496C8FB2D6F91C3F6285A8CBEE1134577A9DC0E3072A4D7093B6D9FC1F426588ABCE
2B4E7194B7DAFD2144678AADD0F316395C7FA2C5E80B2E527598BBDE0124476A8DB0D3F6193C5F83A6C9EC0F3255789BBEE104274A6D90B4D7FA1D406386A9CCEF1235587B9EC1E5082B4E7194B7DAFD20436689ACCF
2C4F7295B8DBFF2245688BAED1F4173A5D80A3C6E90C30537699BCDF0225486B8EB1D4F71A3D6184A7CAED103356799CBFE205284B6E92B5D8FB1E416487AACDF01336597C9FC3E6092C4F7295B8DBFE2144678AADD0
2D507396B9DD002346698CAFD2F5183B5E81A4C7EA0E3154779ABDE00326496C8FB2D5F81B3F6285A8CBEE1134577A9DC0E306294C7093B6D9FC1F426588ABCEF114375A7DA1C4E70A2D507396B9DCFF2245688BAED2
2E517497BBDE0124476A8DB0D3F6193C5F82A5C8EC0F3255789BBEE104274A6D90B3D6F91D406386A9CCEF1235587B9EC1E4072A4E7194B7DAFD20436689ACCFF215385B7FA2C5E80B2E517497BADD002346698CB0D3
2F527599BCDF0225486B8EB1D4F71A3D6083A6CAED103356799CBFE205284B6E91B4D7FB1E416487AACDF01336597C9FC2E5082C4F7295B8DBFE2144678AADD0F316395D80A3C6E90C2F527598BBDE0124476A8EB1D4
3053779ABDE00326496C8FB2D5F81B3E6184A8CBEE1134577A9DC0E306294C6F92B5D9FC1F426588ABCEF114375A7DA0C3E60A2D507396B9DCFF2245688BAED1F4173B5E81A4C7EA0D30537699BCDF0225486C8FB2D5
3155789BBEE104274A6D90B3D6F91C3F6286A9CCEF1235587B9EC1E4072A4D7093B7DAFD20436689ACCFF215385B7EA1C4E80B2E517497BADD002346698CAFD2F5193C5F82A5C8EB0E3154779ABDE003264A6D90B3D6
3356799CBFE205284B6E91B4D7FA1D406487AACDF01336597C9FC2E5082B4E7195B8DBFE2144678AADD0F316395C7FA2C6E90C2F527598BBDE0124476A8DB0D3F71A3D6083A6C9EC0F3255789BBEE104284B6E91B4D7
34577A9DC0E306294C6F92B5D8FB1E426588ABCEF114375A7DA0C3E6092C4F7396B9DCFF2245688BAED1F4173A5D80A4C7EA0D30537699BCDF0225486B8EB1D5F81B3E6184A7CAED103356799CBFE206294C6F92B5D8
35587B9EC1E4072A4D7093B6D9FC20436689ACCFF215385B7EA1C4E70A2D517497BADD002346698CAFD2F5183B5E82A5C8EB0E3154779ABDE00326496C8FB3D6F91C3F6285A8CBEE1134577A9DC0E4072A4D7093B6D9
36597C9FC2E5082B4E7194B7DAFE2144678AADD0F316395C7FA2C5E80B2F527598BBDE0124476A8DB0D3F6193C6083A6C9EC0F3255789BBEE104274A6D91B4D7FA1D406386A9CCEF1235587B9EC2E5082B4E7194B7DA
375A7DA0C3E6092C4F7295B8DCFF2245688BAED1F4173A5D80A3C6E90D30537699BCDF0225486B8EB1D4F71A3E6184A7CAED103356799CBFE205284B6F92B5D8FB1E416487AACDF01336597CA0C3E6092C4F7295B8DB
385B7EA1C4E70A2D507396BADD002346698CAFD2F5183B5E81A4C7EB0E3154779ABDE00326496C8FB2D5F81C3F6285A8CBEE1134577A9DC0E306294D7093B6D9FC1F426588ABCEF114375A7EA1C4E70A2D507396B9DC
395C7FA2C5E80B2E517498BBDE0124476A8DB0D3F6193C5F82A5C9EC0F3255789BBEE104274A6D90B3D6FA1D406386A9CCEF1235587B9EC1E4072B4E7194B7DAFD20436689ACCFF215385C7FA2C5E80B2E517497BADD
3A5D80A3C6E90C2F527699BCDF0225486B8EB1D4F71A3D6083A7CAED103356799CBFE205284B6E91B4D8FB1E416487AACDF01336597C9FC2E5092C4F7295B8DBFE2144678AADD0F3163A5D80A3C6E90C2F527598BBDE
3B5E81A4C7EA0D3054779ABDE00326496C8FB2D5F81B3E6185A8CBEE1134577A9DC0E306294C6F92B6D9FC1F426588ABCEF114375A7DA0C3E70A2D507396B9DCFF2245688BAED1F4183B5E81A4C7EA0D30537699BCDF
3C5F82A5C8EB0E3255789BBEE104274A6D90B3D6F91C3F6386A9CCEF1235587B9EC1E4072A4D7094B7DAFD20436689ACCFF215385B7EA1C5E80B2E517497BADD002346698CAFD2F6193C5F82A5C8EB0E3154779ABDE0
3D6083A6C9EC103356799CBFE205284B6E91B4D7FA1D416487AACDF01336597C9FC2E5082B4E7295B8DBFE2144678AADD0F316395C7FA3C6E90C2F527598BBDE0124476A8DB0D4F71A3D6083A6C9EC0F3255789BBEE1
3E6184A7CAEE1134577A9DC0E306294C6F92B5D8FB1F426588ABCEF114375A7DA0C3E6092C507396B9DCFF2245688BAED1F4173A5D81A4C7EA0D30537699BCDF0225486B8EB2D5F81B3E6184A7CAED103356799CBFE3
3F6285A8CCEF1235587B9EC1E4072A4D7093B6D9FD20436689ACCFF215385B7EA1C4E70A2E517497BADD002346698CAFD2F5183B5F82A5C8EB0E3154779ABDE00326496C90B3D6F91C3F6285A8CBEE1134577A9DC1E4
406386AACDF01336597C9FC2E5082B4E7194B7DBFE2144678AADD0F316395C7FA2C5E80C2F527598BBDE0124476A8DB0D3F6193D6083A6C9EC0F3255789BBEE104274A6E91B4D7FA1D406386A9CCEF1235587B9FC2E5
416488ABCEF114375A7DA0C3E6092C4F7295B9DCFF2245688BAED1F4173A5D80A3C6EA0D30537699BCDF0225486B8EB1D4F71B3E6184A7CAED103356799CBFE205284C6F92B5D8FB1E416487AACDF01336597DA0C3E6
426689ACCFF215385B7EA1C4E70A2D507397BADD002346698CAFD2F5183B5E81A4C8EB0E3154779ABDE00326496C8FB2D5F91C3F6285A8CBEE1134577A9DC0E3062A4D7093B6D9FC1F426588ABCEF114375B7EA1C4E7
44678AADD0F316395C7FA2C5E80B2E517598BBDE0124476A8DB0D3F6193C5F82A6C9EC0F3255789BBEE104274A6D90B3D7FA1D406386A9CCEF1235587B9EC1E4082B4E7194B7DAFD20436689ACCFF215395C7FA2C5E8
45688BAED1F4173A5D80A3C6E90C2F537699BCDF0225486B8EB1D4F71A3D6084A7CAED103356799CBFE205284B6E91B5D8FB1E416487AACDF01336597C9FC2E6092C4F7295B8DBFE2144678AADD0F3173A5D80A3C6E9
46698CAFD2F5183B5E81A4C7EA0D3154779ABDE00326496C8FB2D5F81B3E6285A8CBEE1134577A9DC0E306294C6F93B6D9FC1F426588ABCEF114375A7DA0C4E70A2D507396B9DCFF2245688BAED1F5183B5E81A4C7EA
476A8DB0D3F6193C5F82A5C8EB0F3255789BBEE104274A6D90B3D6F91C406386A9CCEF1235587B9EC1E4072A4D7194B7DAFD20436689ACCFF215385B7EA2C5E80B2E517497BADD002346698CAFD3F6193C5F82A5C8EB
486B8EB1D4F71A3D6083A6C9ED103356799CBFE205284B6E91B4D7FA1E416487AACDF01336597C9FC2E5082B4F7295B8DBFE2144678AADD0F316395C80A3C6E90C2F527598BBDE0124476A8DB1D4F71A3D6083A6C9EC
496C8FB2D5F81B3E6184A7CBEE1134577A9DC0E306294C6F92B5D8FC1F426588ABCEF114375A7DA0C3E6092D507396B9DCFF2245688BAED1F4173A5E81A4C7EA0D30537699BCDF0225486B8FB2D5F81B3E6184A7CAED
4A6D90B3D6F91C3F6285A9CCEF1235587B9EC1E4072A4D7093B6DAFD20436689ACCFF215385B7EA1C4E70B2E517497BADD002346698CAFD2F5183C5F82A5C8EB0E3154779ABDE00326496D90B3D6F91C3F6285A8CBEE
4B6E91B4D7FA1D406387AACDF01336597C9FC2E5082B4E7194B8DBFE2144678AADD0F316395C7FA2C5E90C2F527598BBDE0124476A8DB0D3F61A3D6083A6C9EC0F3255789BBEE104274B6E91B4D7FA1D406386A9CCEF
4C6F92B5D8FB1E416588ABCEF114375A7DA0C3E6092C4F7296B9DCFF2245688BAED1F4173A5D80A3C7EA0D30537699BCDF0225486B8EB1D4F81B3E6184A7CAED103356799CBFE205294C6F92B5D8FB1E416487AACDF0
4D7093B6D9FC1F436689ACCFF215385B7EA1C4E70A2D507497BADD002346698CAFD2F5183B5E81A5C8EB0E3154779ABDE00326496C8FB2D6F91C3F6285A8CBEE1134577A9DC0E3072A4D7093B6D9FC1F426588ABCEF1
4E7194B7DAFD2144678AADD0F316395C7FA2C5E80B2E527598BBDE0124476A8DB0D3F6193C5F83A6C9EC0F3255789BBEE104274A6D90B4D7FA1D406386A9CCEF1235587B9EC1E5082B4E7194B7DAFD20436689ACCFF2
4F7295B8DBFF2245688BAED1F4173A5D80A3C6E90C30537699BCDF0225486B8EB1D4F71A3D6184A7CAED103356799CBFE205284B6E92B5D8FB1E416487AACDF01336597C9FC3E6092C4F7295B8DBFE2144678AADD0F4
507396B9DD002346698CAFD2F5183B5E81A4C7EA0E3154779ABDE00326496C8FB2D5F81B3F6285A8CBEE1134577A9DC0E306294C7093B6D9FC1F426588ABCEF114375A7DA1C4E70A2D507396B9DCFF2245688BAED2F5
517497BBDE0124476A8DB0D3F6193C5F82A5C8EC0F3255789BBEE104274A6D90B3D6F91D406386A9CCEF1235587B9EC1E4072A4E7194B7DAFD20436689ACCFF215385B7FA2C5E80B2E517497BADD002346698CB0D3F6
527599BCDF0225486B8EB1D4F71A3D6083A6CAED103356799CBFE205284B6E91B4D7FB1E416487AACDF01336597C9FC2E5082C4F7295B8DBFE2144678AADD0F316395D80A3C6E90C2F527598BBDE0124476A8EB1D4F7
53779ABDE00326496C8FB2D5F81B3E6184A8CBEE1134577A9DC0E306294C6F92B5D9FC1F426588ABCEF114375A7DA0C3E60A2D507396B9DCFF2245688BAED1F4173B5E81A4C7EA0D30537699BCDF0225486C8FB2D5F8
55789BBEE104274A6D90B3D6F91C3F6286A9CCEF1235587B9EC1E4072A4D7093B7DAFD20436689ACCFF215385B7EA1C4E80B2E517497BADD002346698CAFD2F5193C5F82A5C8EB0E3154779ABDE003264A6D90B3D6F9
56799CBFE205284B6E91B4D7FA1D406487AACDF01336597C9FC2E5082B4E7195B8DBFE2144678AADD0F316395C7FA2C6E90C2F527598BBDE0124476A8DB0D3F71A3D6083A6C9EC0F3255789BBEE104284B6E91B4D7FA
577A9DC0E306294C6F92B5D8FB1E426588ABCEF114375A7DA0C3E6092C4F7396B9DCFF2245688BAED1F4173A5D80A4C7EA0D30537699BCDF0225486B8EB1D5F81B3E6184A7CAED103356799CBFE206294C6F92B5D8FB
587B9EC1E4072A4D7093B6D9FC20436689ACCFF215385B7EA1C4E70A2D517497BADD002346698CAFD2F5183B5E82A5C8EB0E3154779ABDE00326496C8FB3D6F91C3F6285A8CBEE1134577A9DC0E4072A4D7093B6D9FC
597C9FC2E5082B4E7194B7DAFE2144678AADD0F316395C7FA2C5E80B2F527598BBDE0124476A8DB0D3F6193C6083A6C9EC0F3255789BBEE104274A6D91B4D7FA1D406386A9CCEF1235587B9EC2E5082B4E7194B7DAFD
5A7DA0C3E6092C4F7295B8DCFF2245688BAED1F4173A5D80A3C6E90D30537699BCDF0225486B8EB1D4F71A3E6184A7CAED103356799CBFE205284B6F92B5D8FB1E416487AACDF01336597CA0C3E6092C4F7295B8DBFE
5B7EA1C4E70A2D507396BADD002346698CAFD2F5183B5E81A4C7EB0E3154779ABDE00326496C8FB2D5F81C3F6285A8CBEE1134577A9DC0E306294D7093B6D9FC1F426588ABCEF114375A7EA1C4E70A2D507396B9DCFF
5C7FA2C5E80B2E517498BBDE0124476A8DB0D3F6193C5F82A5C9EC0F3255789BBEE104274A6D90B3D6FA1D406386A9CCEF1235587B9EC1E4072B4E7194B7DAFD20436689ACCFF215385C7FA2C5E80B2E517497BADD00
5D80A3C6E90C2F527699BCDF0225486B8EB1D4F71A3D6083A7CAED103356799CBFE205284B6E91B4D8FB1E416487AACDF01336597C9FC2E5092C4F7295B8DBFE2144678AADD0F3163A5D80A3C6E90C2F527598BBDE01
5E81A4C7EA0D3054779ABDE00326496C8FB2D5F81B3E6185A8CBEE1134577A9DC0E306294C6F92B6D9FC1F426588ABCEF114375A7DA0C3E70A2D507396B9DCFF2245688BAED1F4183B5E81A4C7EA0D30537699BCDF02
5F82A5C8EB0E3255789BBEE104274A6D90B3D6F91C3F6386A9CCEF1235587B9EC1E4072A4D7094B7DAFD20436689ACCFF215385B7EA1C5E80B2E517497BADD002346698CAFD2F6193C5F82A5C8EB0E3154779ABDE003
6083A6C9EC103356799CBFE205284B6E91B4D7FA1D416487AACDF01336597C9FC2E5082B4E7295B8DBFE2144678AADD0F316395C7FA3C6E90C2F527598BBDE0124476A8DB0D4F71A3D6083A6C9EC0F3255789BBEE105
6184A7CAEE1134577A9DC0E306294C6F92B5D8FB1F426588ABCEF114375A7DA0C3E6092C507396B9DCFF2245688BAED1F4173A5D81A4C7EA0D30537699BCDF0225486B8EB2D5F81B3E6184A7CAED103356799CBFE306
6285A8CCEF1235587B9EC1E4072A4D7093B6D9FD20436689ACCFF215385B7EA1C4E70A2E517497BADD002346698CAFD2F5183B5F82A5C8EB0E3154779ABDE00326496C90B3D6F91C3F6285A8CBEE1134577A9DC1E407
6386AACDF01336597C9FC2E5082B4E7194B7DBFE2144678AADD0F316395C7FA2C5E80C2F527598BBDE0124476A8DB0D3F6193D6083A6C9EC0F3255789BBEE104274A6E91B4D7FA1D406386A9CCEF1235587B9FC2E508
6488ABCEF114375A7DA0C3E6092C4F7295B9DCFF2245688BAED1F4173A5D80A3C6EA0D30537699BCDF0225486B8EB1D4F71B3E6184A7CAED103356799CBFE205284C6F92B5D8FB1E416487AACDF01336597DA0C3E609
6689ACCFF215385B7EA1C4E70A2D507397BADD002346698CAFD2F5183B5E81A4C8EB0E3154779ABDE00326496C8FB2D5F91C3F6285A8CBEE1134577A9DC0E3062A4D7093B6D9FC1F426588ABCEF114375B7EA1C4E70A
678AADD0F316395C7FA2C5E80B2E517598BBDE0124476A8DB0D3F6193C5F82A6C9EC0F3255789BBEE104274A6D90B3D7FA1D406386A9CCEF1235587B9EC1E4082B4E7194B7DAFD20436689ACCFF215395C7FA2C5E80B
688BAED1F4173A5D80A3C6E90C2F537699BCDF0225486B8EB1D4F71A3D6084A7CAED103356799CBFE205284B6E91B5D8FB1E416487AACDF01336597C9FC2E6092C4F7295B8DBFE2144678AADD0F3173A5D80A3C6E90C
698CAFD2F5183B5E81A4C7EA0D3154779ABDE00326496C8FB2D5F81B3E6285A8CBEE1134577A9DC0E306294C6F93B6D9FC1F426588ABCEF114375A7DA0C4E70A2D507396B9DCFF2245688BAED1F5183B5E81A4C7EA0D
6A8DB0D3F6193C5F82A5C8EB0F3255789BBEE104274A6D90B3D6F91C406386A9CCEF1235587B9EC1E4072A4D7194B7DAFD20436689ACCFF215385B7EA2C5E80B2E517497BADD002346698CAFD3F6193C5F82A5C8EB0E
6B8EB1D4F71A3D6083A6C9ED103356799CBFE205284B6E91B4D7FA1E416487AACDF01336597C9FC2E5082B4F7295B8DBFE2144678AADD0F316395C80A3C6E90C2F527598BBDE0124476A8DB1D4F71A3D6083A6C9EC0F
6C8FB2D5F81B3E6184A7CBEE1134577A9DC0E306294C6F92B5D8FC1F426588ABCEF114375A7DA0C3E6092D507396B9DCFF2245688BAED1F4173A5E81A4C7EA0D30537699BCDF0225486B8FB2D5F81B3E6184A7CAED10
6D90B3D6F91C3F6285A9CCEF1235587B9EC1E4072A4D7093B6DAFD20436689ACCFF215385B7EA1C4E70B2E517497BADD002346698CAFD2F5183C5F82A5C8EB0E3154779ABDE00326496D90B3D6F91C3F6285A8CBEE11
6E91B4D7FA1D406387AACDF01336597C9FC2E5082B4E7194B8DBFE2144678AADD0F316395C7FA2C5E90C2F527598BBDE0124476A8DB0D3F61A3D6083A6C9EC0F3255789BBEE104274B6E91B4D7FA1D406386A9CCEF12
6F92B5D8FB1E416588ABCEF114375A7DA0C3E6092C4F7296B9DCFF2245688BAED1F4173A5D80A3C7EA0D30537699BCDF0225486B8EB1D4F81B3E6184A7CAED103356799CBFE205294C6F92B5D8FB1E416487AACDF013
7093B6D9FC1F436689ACCFF215385B7EA1C4E70A2D507497BADD002346698CAFD2F5183B5E81A5C8EB0E3154779ABDE00326496C8FB2D6F91C3F6285A8CBEE1134577A9DC0E3072A4D7093B6D9FC1F426588ABCEF114
7194B7DAFD2144678AADD0F316395C7FA2C5E80B2E527598BBDE0124476A8DB0D3F6193C5F83A6C9EC0F3255789BBEE104274A6D90B4D7FA1D406386A9CCEF1235587B9EC1E5082B4E7194B7DAFD20436689ACCFF216
7295B8DBFF2245688BAED1F4173A5D80A3C6E90C30537699BCDF0225486B8EB1D4F71A3D6184A7CAED103356799CBFE205284B6E92B5D8FB1E416487AACDF01336597C9FC3E6092C4F7295B8DBFE2144678AADD0F417
7396B9DD002346698CAFD2F5183B5E81A4C7EA0E3154779ABDE00326496C8FB2D5F81B3F6285A8CBEE1134577A9DC0E306294C7093B6D9FC1F426588ABCEF114375A7DA1C4E70A2D507396B9DCFF2245688BAED2F518
7497BBDE0124476A8DB0D3F6193C5F82A5C8EC0F3255789BBEE104274A6D90B3D6F91D406386A9CCEF1235587B9EC1E4072A4E7194B7DAFD20436689ACCFF215385B7FA2C5E80B2E517497BADD002346698CB0D3F619
7599BCDF0225486B8EB1D4F71A3D6083A6CAED103356799CBFE205284B6E91B4D7FB1E416487AACDF01336597C9FC2E5082C4F7295B8DBFE2144678AADD0F316395D80A3C6E90C2F527598BBDE0124476A8EB1D4F71A
779ABDE00326496C8FB2D5F81B3E6184A8CBEE1134577A9DC0E306294C6F92B5D9FC1F426588ABCEF114375A7DA0C3E60A2D507396B9DCFF2245688BAED1F4173B5E81A4C7EA0D30537699BCDF0225486C8FB2D5F81B
789BBEE104274A6D90B3D6F91C3F6286A9CCEF1235587B9EC1E4072A4D7093B7DAFD20436689ACCFF215385B7EA1C4E80B2E517497BADD002346698CAFD2F5193C5F82A5C8EB0E3154779ABDE003264A6D90B3D6F91C
799CBFE205284B6E91B4D7FA1D406487AACDF01336597C9FC2E5082B4E7195B8DBFE2144678AADD0F316395C7FA2C6E90C2F527598BBDE0124476A8DB0D3F71A3D6083A6C9EC0F3255789BBEE104284B6E91B4D7FA1D
7A9DC0E306294C6F92B5D8FB1E426588ABCEF114375A7DA0C3E6092C4F7396B9DCFF2245688BAED1F4173A5D80A4C7EA0D30537699BCDF0225486B8EB1D5F81B3E6184A7CAED103356799CBFE206294C6F92B5D8FB1E
7B9EC1E4072A4D7093B6D9FC20436689ACCFF215385B7EA1C4E70A2D517497BADD002346698CAFD2F5183B5E82A5C8EB0E3154779ABDE00326496C8FB3D6F91C3F6285A8CBEE1134577A9DC0E4072A4D7093B6D9FC1F
7C9FC2E5082B4E7194B7DAFE2144678AADD0F316395C7FA2C5E80B2F527598BBDE0124476A8DB0D3F6193C6083A6C9EC0F3255789BBEE104274A6D91B4D7FA1D406386A9CCEF1235587B9EC2E5082B4E7194B7DAFD20
7DA0C3E6092C4F7295B8DCFF2245688BAED1F4173A5D80A3C6E90D30537699BCDF0225486B8EB1D4F71A3E6184A7CAED103356799CBFE205284B6F92B5D8FB1E416487AACDF01336597CA0C3E6092C4F7295B8DBFE21
7EA1C4E70A2D507396BADD002346698CAFD2F5183B5E81A4C7EB0E3154779ABDE00326496C8FB2D5F81C3F6285A8CBEE1134577A9DC0E306294D7093B6D9FC1F426588ABCEF114375A7EA1C4E70A2D507396B9DCFF22
7FA2C5E80B2E517498BBDE0124476A8DB0D3F6193C5F82A5C9EC0F3255789BBEE104274A6D90B3D6FA1D406386A9CCEF1235587B9EC1E4072B4E7194B7DAFD20436689ACCFF215385C7FA2C5E80B2E517497BADD0023
80A3C6E90C2F527699BCDF0225486B8EB1D4F71A3D6083A7CAED103356799CBFE205284B6E91B4D8FB1E416487AACDF01336597C9FC2E5092C4F7295B8DBFE2144678AADD0F3163A5D80A3C6E90C2F527598BBDE0124
81A4C7EA0D3054779ABDE00326496C8FB2D5F81B3E6185A8CBEE1134577A9DC0E306294C6F92B6D9FC1F426588ABCEF114375A7DA0C3E70A2D507396B9DCFF2245688BAED1F4183B5E81A4C7EA0D30537699BCDF0225
82A5C8EB0E3255789BBEE104274A6D90B3D6F91C3F6386A9CCEF1235587B9EC1E4072A4D7094B7DAFD20436689ACCFF215385B7EA1C5E80B2E517497BADD002346698CAFD2F6193C5F82A5C8EB0E3154779ABDE00327
83A6C9EC103356799CBFE205284B6E91B4D7FA1D416487AACDF01336597C9FC2E5082B4E7295B8DBFE2144678AADD0F316395C7FA3C6E90C2F527598BBDE0124476A8DB0D4F71A3D6083A6C9EC0F3255789BBEE10528
84A7CAEE1134577A9DC0E306294C6F92B5D8FB1F426588ABCEF114375A7DA0C3E6092C507396B9DCFF2245688BAED1F4173A5D81A4C7EA0D30537699BCDF0225486B8EB2D5F81B3E6184A7CAED103356799CBFE30629
85A8CCEF1235587B9EC1E4072A4D7093B6D9FD20436689ACCFF215385B7EA1C4E70A2E517497BADD002346698CAFD2F5183B5F82A5C8EB0E3154779ABDE00326496C90B3D6F91C3F6285A8CBEE1134577A9DC1E4072A
86AACDF01336597C9FC2E5082B4E7194B7DBFE2144678AADD0F316395C7FA2C5E80C2F527598BBDE0124476A8DB0D3F6193D6083A6C9EC0F3255789BBEE104274A6E91B4D7FA1D406386A9CCEF1235587B9FC2E5082B
88ABCEF114375A7DA0C3E6092C4F7295B9DCFF2245688BAED1F4173A5D80A3C6EA0D30537699BCDF0225486B8EB1D4F71B3E6184A7CAED103356799CBFE205284C6F92B5D8FB1E416487AACDF01336597DA0C3E6092C
89ACCFF215385B7EA1C4E70A2D507397BADD002346698CAFD2F5183B5E81A4C8EB0E3154779ABDE00326496C8FB2D5F91C3F6285A8CBEE1134577A9DC0E3062A4D7093B6D9FC1F426588ABCEF114375B7EA1C4E70A2D
8AADD0F316395C7FA2C5E80B2E517598BBDE0124476A8DB0D3F6193C5F82A6C9EC0F3255789BBEE104274A6D90B3D7FA1D406386A9CCEF1235587B9EC1E4082B4E7194B7DAFD20436689ACCFF215395C7FA2C5E80B2E
8BAED1F4173A5D80A3C6E90C2F537699BCDF0225486B8EB1D4F71A3D6084A7CAED103356799CBFE205284B6E91B5D8FB1E416487AACDF01336597C9FC2E6092C4F7295B8DBFE2144678AADD0F3173A5D80A3C6E90C2F
8CAFD2F5183B5E81A4C7EA0D3154779ABDE00326496C8FB2D5F81B3E6285A8CBEE1134577A9DC0E306294C6F93B6D9FC1F426588ABCEF114375A7DA0C4E70A2D507396B9DCFF2245688BAED1F5183B5E81A4C7EA0D30
8DB0D3F6193C5F82A5C8EB0F3255789BBEE104274A6D90B3D6F91C406386A9CCEF1235587B9EC1E4072A4D7194B7DAFD20436689ACCFF215385B7EA2C5E80B2E517497BADD002346698CAFD3F6193C5F82A5C8EB0E31
8EB1D4F71A3D6083A6C9ED103356799CBFE205284B6E91B4D7FA1E416487AACDF01336597C9FC2E5082B4F7295B8DBFE2144678AADD0F316395C80A3C6E90C2F527598BBDE0124476A8DB1D4F71A3D6083A6C9EC0F32
8FB2D5F81B3E6184A7CBEE1134577A9DC0E306294C6F92B5D8FC1F426588ABCEF114375A7DA0C3E6092D507396B9DCFF2245688BAED1F4173A5E81A4C7EA0D30537699BCDF0225486B8FB2D5F81B3E6184A7CAED1033
90B3D6F91C3F6285A9CCEF1235587B9EC1E4072A4D7093B6DAFD20436689ACCFF215385B7EA1C4E70B2E517497BADD002346698CAFD2F5183C5F82A5C8EB0E3154779ABDE00326496D90B3D6F91C3F6285A8CBEE1134
91B4D7FA1D406387AACDF01336597C9FC2E5082B4E7194B8DBFE2144678AADD0F316395C7FA2C5E90C2F527598BBDE0124476A8DB0D3F61A3D6083A6C9EC0F3255789BBEE104274B6E91B4D7FA1D406386A9CCEF1235
92B5D8FB1E416588ABCEF114375A7DA0C3E6092C4F7296B9DCFF2245688BAED1F4173A5D80A3C7EA0D30537699BCDF0225486B8EB1D4F81B3E6184A7CAED103356799CBFE205294C6F92B5D8FB1E416487AACDF01336
93B6D9FC1F436689ACCFF215385B7EA1C4E70A2D507497BADD002346698CAFD2F5183B5E81A5C8EB0E3154779ABDE00326496C8FB2D6F91C3F6285A8CBEE1134577A9DC0E3072A4D7093B6D9FC1F426588ABCEF11438
94B7DAFD2144678AADD0F316395C7FA2C5E80B2E527598BBDE0124476A8DB0D3F6193C5F83A6C9EC0F3255789BBEE104274A6D90B4D7FA1D406386A9CCEF1235587B9EC1E5082B4E7194B7DAFD20436689ACCFF21639
95B8DBFF2245688BAED1F4173A5D80A3C6E90C30537699BCDF0225486B8EB1D4F71A3D6184A7CAED103356799CBFE205284B6E92B5D8FB1E416487AACDF01336597C9FC3E6092C4F7295B8DBFE2144678AADD0F4173A
96B9DD002346698CAFD2F5183B5E81A4C7EA0E3154779ABDE00326496C8FB2D5F81B3F6285A8CBEE1134577A9DC0E306294C7093B6D9FC1F426588ABCEF114375A7DA1C4E70A2D507396B9DCFF2245688BAED2F5183B
97BBDE0124476A8DB0D3F6193C5F82A5C8EC0F3255789BBEE104274A6D90B3D6F91D406386A9CCEF1235587B9EC1E4072A4E7194B7DAFD20436689ACCFF215385B7FA2C5E80B2E517497BADD002346698CB0D3F6193C
99BCDF0225486B8EB1D4F71A3D6083A6CAED103356799CBFE205284B6E91B4D7FB1E416487AACDF01336597C9FC2E5082C4F7295B8DBFE2144678AADD0F316395D80A3C6E90C2F527598BBDE0124476A8EB1D4F71A3D
9ABDE00326496C8FB2D5F81B3E6184A8CBEE1134577A9DC0E306294C6F92B5D9FC1F426588ABCEF114375A7DA0C3E60A2D507396B9DCFF2245688BAED1F4173B5E81A4C7EA0D30537699BCDF0225486C8FB2D5F81B3E
9BBEE104274A6D90B3D6F91C3F6286A9CCEF1235587B9EC1E4072A4D7093B7DAFD20436689ACCFF215385B7EA1C4E80B2E517497BADD002346698CAFD2F5193C5F82A5C8EB0E3154779ABDE003264A6D90B3D6F91C3F
9CBFE205284B6E91B4D7FA1D406487AACDF01336597C9FC2E5082B4E7195B8DBFE2144678AADD0F316395C7FA2C6E90C2F527598BBDE0124476A8DB0D3F71A3D6083A6C9EC0F3255789BBEE104284B6E91B4D7FA1D40
9DC0E306294C6F92B5D8FB1E426588ABCEF114375A7DA0C3E6092C4F7396B9DCFF2245688BAED1F4173A5D80A4C7EA0D30537699BCDF0225486B8EB1D5F81B3E6184A7CAED103356799CBFE206294C6F92B5D8FB1E41
9EC1E4072A4D7093B6D9FC20436689ACCFF215385B7EA1C4E70A2D517497BADD002346698CAFD2F5183B5E82A5C8EB0E3154779ABDE00326496C8FB3D6F91C3F6285A8CBEE1134577A9DC0E4072A4D7093B6D9FC1F42
9FC2E5082B4E7194B7DAFE2144678AADD0F316395C7FA2C5E80B2F527598BBDE0124476A8DB0D3F6193C6083A6C9EC0F3255789BBEE104274A6D91B4D7FA1D406386A9CCEF1235587B9EC2E5082B4E7194B7DAFD2043
A0C3E6092C4F7295B8DCFF2245688BAED1F4173A5D80A3C6E90D30537699BCDF0225486B8EB1D4F71A3E6184A7CAED103356799CBFE205284B6F92B5D8FB1E416487AACDF01336597CA0C3E6092C4F7295B8DBFE2144
A1C4E70A2D507396BADD002346698CAFD2F5183B5E81A4C7EB0E3154779ABDE00326496C8FB2D5F81C3F6285A8CBEE1134577A9DC0E306294D7093B6D9FC1F426588ABCEF114375A7EA1C4E70A2D507396B9DCFF2245
A2C5E80B2E517498BBDE0124476A8DB0D3F6193C5F82A5C9EC0F3255789BBEE104274A6D90B3D6FA1D406386A9CCEF1235587B9EC1E4072B4E7194B7DAFD20436689ACCFF215385C7FA2C5E80B2E517497BADD002346
A3C6E90C2F527699BCDF0225486B8EB1D4F71A3D6083A7CAED103356799CBFE205284B6E91B4D8FB1E416487AACDF01336597C9FC2E5092C4F7295B8DBFE2144678AADD0F3163A5D80A3C6E90C2F527598BBDE012447
A4C7EA0D3054779ABDE00326496C8FB2D5F81B3E6185A8CBEE1134577A9DC0E306294C6F92B6D9FC1F426588ABCEF114375A7DA0C3E70A2D507396B9DCFF2245688BAED1F4183B5E81A4C7EA0D30537699BCDF022549
A5C8EB0E3255789BBEE104274A6D90B3D6F91C3F6386A9CCEF1235587B9EC1E4072A4D7094B7DAFD20436689ACCFF215385B7EA1C5E80B2E517497BADD002346698CAFD2F6193C5F82A5C8EB0E3154779ABDE003274A
A6C9EC103356799CBFE205284B6E91B4D7FA1D416487AACDF01336597C9FC2E5082B4E7295B8DBFE2144678AADD0F316395C7FA3C6E90C2F527598BBDE0124476A8DB0D4F71A3D6083A6C9EC0F3255789BBEE105284B
A7CAEE1134577A9DC0E306294C6F92B5D8FB1F426588ABCEF114375A7DA0C3E6092C507396B9DCFF2245688BAED1F4173A5D81A4C7EA0D30537699BCDF0225486B8EB2D5F81B3E6184A7CAED103356799CBFE306294C
A8CCEF1235587B9EC1E4072A4D7093B6D9FD20436689ACCFF215385B7EA1C4E70A2E517497BADD002346698CAFD2F5183B5F82A5C8EB0E3154779ABDE00326496C90B3D6F91C3F6285A8CBEE1134577A9DC1E4072A4D
AACDF01336597C9FC2E5082B4E7194B7DBFE2144678AADD0F316395C7FA2C5E80C2F527598BBDE0124476A8DB0D3F6193D6083A6C9EC0F3255789BBEE104274A6E91B4D7FA1D406386A9CCEF1235587B9FC2E5082B4E
ABCEF114375A7DA0C3E6092C4F7295B9DCFF2245688BAED1F4173A5D80A3C6EA0D30537699BCDF0225486B8EB1D4F71B3E6184A7CAED103356799CBFE205284C6F92B5D8FB1E416487AACDF01336597DA0C3E6092C4F
ACCFF215385B7EA1C4E70A2D507397BADD002346698CAFD2F5183B5E81A4C8EB0E3154779ABDE00326496C8FB2D5F91C3F6285A8CBEE1134577A9DC0E3062A4D7093B6D9FC1F426588ABCEF114375B7EA1C4E70A2D50
ADD0F316395C7FA2C5E80B2E517598BBDE0124476A8DB0D3F6193C5F82A6C9EC0F3255789BBEE104274A6D90B3D7FA1D406386A9CCEF1235587B9EC1E4082B4E7194B7DAFD20436689ACCFF215395C7FA2C5E80B2E51
AED1F4173A5D80A3C6E90C2F537699BCDF0225486B8EB1D4F71A3D6084A7CAED103356799CBFE205284B6E91B5D8FB1E416487AACDF01336597C9FC2E6092C4F7295B8DBFE2144678AADD0F3173A5D80A3C6E90C2F52
AFD2F5183B5E81A4C7EA0D3154779ABDE00326496C8FB2D5F81B3E6285A8CBEE1134577A9DC0E306294C6F93B6D9FC1F426588ABCEF114375A7DA0C4E70A2D507396B9DCFF2245688BAED1F5183B5E81A4C7EA0D3053
B0D3F6193C5F82A5C8EB0F3255789BBEE104274A6D90B3D6F91C406386A9CCEF1235587B9EC1E4072A4D7194B7DAFD20436689ACCFF215385B7EA2C5E80B2E517497BADD002346698CAFD3F6193C5F82A5C8EB0E3154
B1D4F71A3D6083A6C9ED103356799CBFE205284B6E91B4D7FA1E416487AACDF01336597C9FC2E5082B4F7295B8DBFE2144678AADD0F316395C80A3C6E90C2F527598BBDE0124476A8DB1D4F71A3D6083A6C9EC0F3255
B2D5F81B3E6184A7CBEE1134577A9DC0E306294C6F92B5D8FC1F426588ABCEF114375A7DA0C3E6092D507396B9DCFF2245688BAED1F4173A5E81A4C7EA0D30537699BCDF0225486B8FB2D5F81B3E6184A7CAED103356
B3D6F91C3F6285A9CCEF1235587B9EC1E4072A4D7093B6DAFD20436689ACCFF215385B7EA1C4E70B2E517497BADD002346698CAFD2F5183C5F82A5C8EB0E3154779ABDE00326496D90B3D6F91C3F6285A8CBEE113457
B4D7FA1D406387AACDF01336597C9FC2E5082B4E7194B8DBFE2144678AADD0F316395C7FA2C5E90C2F527598BBDE0124476A8DB0D3F61A3D6083A6C9EC0F3255789BBEE104274B6E91B4D7FA1D406386A9CCEF123558
B5D8FB1E416588ABCEF114375A7DA0C3E6092C4F7296B9DCFF2245688BAED1F4173A5D80A3C7EA0D30537699BCDF0225486B8EB1D4F81B3E6184A7CAED103356799CBFE205294C6F92B5D8FB1E416487AACDF013365A
B6D9FC1F436689ACCFF215385B7EA1C4E70A2D507497BADD002346698CAFD2F5183B5E81A5C8EB0E3154779ABDE00326496C8FB2D6F91C3F6285A8CBEE1134577A9DC0E3072A4D7093B6D9FC1F426588ABCEF114385B
B7DAFD2144678AADD0F316395C7FA2C5E80B2E527598BBDE0124476A8DB0D3F6193C5F83A6C9EC0F3255789BBEE104274A6D90B4D7FA1D406386A9CCEF1235587B9EC1E5082B4E7194B7DAFD20436689ACCFF216395C
B8DBFF2245688BAED1F4173A5D80A3C6E90C30537699BCDF0225486B8EB1D4F71A3D6184A7CAED103356799CBFE205284B6E92B5D8FB1E416487AACDF01336597C9FC3E6092C4F7295B8DBFE2144678AADD0F4173A5D
B9DD002346698CAFD2F5183B5E81A4C7EA0E3154779ABDE00326496C8FB2D5F81B3F6285A8CBEE1134577A9DC0E306294C7093B6D9FC1F426588ABCEF114375A7DA1C4E70A2D507396B9DCFF2245688BAED2F5183B5E
BBDE0124476A8DB0D3F6193C5F82A5C8EC0F3255789BBEE104274A6D90B3D6F91D406386A9CCEF1235587B9EC1E4072A4E7194B7DAFD20436689ACCFF215385B7FA2C5E80B2E517497BADD002346698CB0D3F6193C5F
BCDF0225486B8EB1D4F71A3D6083A6CAED103356799CBFE205284B6E91B4D7FB1E416487AACDF01336597C9FC2E5082C4F7295B8DBFE2144678AADD0F316395D80A3C6E90C2F527598BBDE0124476A8EB1D4F71A3D60
BDE00326496C8FB2D5F81B3E6184A8CBEE1134577A9DC0E306294C6F92B5D9FC1F426588ABCEF114375A7DA0C3E60A2D507396B9DCFF2245688BAED1F4173B5E81A4C7EA0D30537699BCDF0225486C8FB2D5F81B3E61
BEE104274A6D90B3D6F91C3F6286A9CCEF1235587B9EC1E4072A4D7093B7DAFD20436689ACCFF215385B7EA1C4E80B2E517497BADD002346698CAFD2F5193C5F82A5C8EB0E3154779ABDE003264A6D90B3D6F91C3F62
BFE205284B6E91B4D7FA1D406487AACDF01336597C9FC2E5082B4E7195B8DBFE2144678AADD0F316395C7FA2C6E90C2F527598BBDE0124476A8DB0D3F71A3D6083A6C9EC0F3255789BBEE104284B6E91B4D7FA1D4063
C0E306294C6F92B5D8FB1E426588ABCEF114375A7DA0C3E6092C4F7396B9DCFF2245688BAED1F4173A5D80A4C7EA0D30537699BCDF0225486B8EB1D5F81B3E6184A7CAED103356799CBFE206294C6F92B5D8FB1E4164
C1E4072A4D7093B6D9FC20436689ACCFF215385B7EA1C4E70A2D517497BADD002346698CAFD2F5183B5E82A5C8EB0E3154779ABDE00326496C8FB3D6F91C3F6285A8CBEE1134577A9DC0E4072A4D7093B6D9FC1F4265
C2E5082B4E7194B7DAFE2144678AADD0F316395C7FA2C5E80B2F527598BBDE0124476A8DB0D3F6193C6083A6C9EC0F3255789BBEE104274A6D91B4D7FA1D406386A9CCEF1235587B9EC2E5082B4E7194B7DAFD204366
C3E6092C4F7295B8DCFF2245688BAED1F4173A5D80A3C6E90D30537699BCDF0225486B8EB1D4F71A3E6184A7CAED103356799CBFE205284B6F92B5D8FB1E416487AACDF01336597CA0C3E6092C4F7295B8DBFE214467
C4E70A2D507396BADD002346698CAFD2F5183B5E81A4C7EB0E3154779ABDE00326496C8FB2D5F81C3F6285A8CBEE1134577A9DC0E306294D7093B6D9FC1F426588ABCEF114375A7EA1C4E70A2D507396B9DCFF224568
C5E80B2E517498BBDE0124476A8DB0D3F6193C5F82A5C9EC0F3255789BBEE104274A6D90B3D6FA1D406386A9CCEF1235587B9EC1E4072B4E7194B7DAFD20436689ACCFF215385C7FA2C5E80B2E517497BADD00234669
C6E90C2F527699BCDF0225486B8EB1D4F71A3D6083A7CAED103356799CBFE205284B6E91B4D8FB1E416487AACDF01336597C9FC2E5092C4F7295B8DBFE2144678AADD0F3163A5D80A3C6E90C2F527598BBDE0124476B
C7EA0D3054779ABDE00326496C8FB2D5F81B3E6185A8CBEE1134577A9DC0E306294C6F92B6D9FC1F426588ABCEF114375A7DA0C3E70A2D507396B9DCFF2245688BAED1F4183B5E81A4C7EA0D30537699BCDF0225496C
C8EB0E3255789BBEE104274A6D90B3D6F91C3F6386A9CCEF1235587B9EC1E4072A4D7094B7DAFD20436689ACCFF215385B7EA1C5E80B2E517497BADD002346698CAFD2F6193C5F82A5C8EB0E3154779ABDE003274A6D
C9EC103356799CBFE205284B6E91B4D7FA1D416487AACDF01336597C9FC2E5082B4E7295B8DBFE2144678AADD0F316395C7FA3C6E90C2F527598BBDE0124476A8DB0D4F71A3D6083A6C9EC0F3255789BBEE105284B6E
CAEE1134577A9DC0E306294C6F92B5D8FB1F426588ABCEF114375A7DA0C3E6092C507396B9DCFF2245688BAED1F4173A5D81A4C7EA0D30537699BCDF0225486B8EB2D5F81B3E6184A7CAED103356799CBFE306294C6F
CCEF1235587B9EC1E4072A4D7093B6D9FD20436689ACCFF215385B7EA1C4E70A2E517497BADD002346698CAFD2F5183B5F82A5C8EB0E3154779ABDE00326496C90B3D6F91C3F6285A8CBEE1134577A9DC1E4072A4D70
CDF01336597C9FC2E5082B4E7194B7DBFE2144678AADD0F316395C7FA2C5E80C2F527598BBDE0124476A8DB0D3F6193D6083A6C9EC0F3255789BBEE104274A6E91B4D7FA1D406386A9CCEF1235587B9FC2E5082B4E71
CEF114375A7DA0C3E6092C4F7295B9DCFF2245688BAED1F4173A5D80A3C6EA0D30537699BCDF0225486B8EB1D4F71B3E6184A7CAED103356799CBFE205284C6F92B5D8FB1E416487AACDF01336597DA0C3E6092C4F72
CFF215385B7EA1C4E70A2D507397BADD002346698CAFD2F5183B5E81A4C8EB0E3154779ABDE00326496C8FB2D5F91C3F6285A8CBEE1134577A9DC0E3062A4D7093B6D9FC1F426588ABCEF114375B7EA1C4E70A2D5073
D0F316395C7FA2C5E80B2E517598BBDE0124476A8DB0D3F6193C5F82A6C9EC0F3255789BBEE104274A6D90B3D7FA1D406386A9CCEF1235587B9EC1E4082B4E7194B7DAFD20436689ACCFF215395C7FA2C5E80B2E5174
D1F4173A5D80A3C6E90C2F537699BCDF0225486B8EB1D4F71A3D6084A7CAED103356799CBFE205284B6E91B5D8FB1E416487AACDF01336597C9FC2E6092C4F7295B8DBFE2144678AADD0F3173A5D80A3C6E90C2F5275
D2F5183B5E81A4C7EA0D3154779ABDE00326496C8FB2D5F81B3E6285A8CBEE1134577A9DC0E306294C6F93B6D9FC1F426588ABCEF114375A7DA0C4E70A2D507396B9DCFF2245688BAED1F5183B5E81A4C7EA0D305376
D3F6193C5F82A5C8EB0F3255789BBEE104274A6D90B3D6F91C406386A9CCEF1235587B9EC1E4072A4D7194B7DAFD20436689ACCFF215385B7EA2C5E80B2E517497BADD002346698CAFD3F6193C5F82A5C8EB0E315477
D4F71A3D6083A6C9ED103356799CBFE205284B6E91B4D7FA1E416487AACDF01336597C9FC2E5082B4F7295B8DBFE2144678AADD0F316395C80A3C6E90C2F527598BBDE0124476A8DB1D4F71A3D6083A6C9EC0F325578
D5F81B3E6184A7CBEE1134577A9DC0E306294C6F92B5D8FC1F426588ABCEF114375A7DA0C3E6092D507396B9DCFF2245688BAED1F4173A5E81A4C7EA0D30537699BCDF0225486B8FB2D5F81B3E6184A7CAED10335679
D6F91C3F6285A9CCEF1235587B9EC1E4072A4D7093B6DAFD20436689ACCFF215385B7EA1C4E70B2E517497BADD002346698CAFD2F5183C5F82A5C8EB0E3154779ABDE00326496D90B3D6F91C3F6285A8CBEE1134577A
D7FA1D406387AACDF01336597C9FC2E5082B4E7194B8DBFE2144678AADD0F316395C7FA2C5E90C2F527598BBDE0124476A8DB0D3F61A3D6083A6C9EC0F3255789BBEE104274B6E91B4D7FA1D406386A9CCEF1235587C
D8FB1E416588ABCEF114375A7DA0C3E6092C4F7296B9DCFF2245688BAED1F4173A5D80A3C7EA0D30537699BCDF0225486B8EB1D4F81B3E6184A7CAED103356799CBFE205294C6F92B5D8FB1E416487AACDF013365A7D
D9FC1F436689ACCFF215385B7EA1C4E70A2D507497BADD002346698CAFD2F5183B5E81A5C8EB0E3154779ABDE00326496C8FB2D6F91C3F6285A8CBEE1134577A9DC0E3072A4D7093B6D9FC1F426588ABCEF114385B7E
DAFD2144678AADD0F316395C7FA2C5E80B2E527598BBDE0124476A8DB0D3F6193C5F83A6C9EC0F3255789BBEE104274A6D90B4D7FA1D406386A9CCEF1235587B9EC1E5082B4E7194B7DAFD20436689ACCFF216395C7F
DBFF2245688BAED1F4173A5D80A3C6E90C30537699BCDF0225486B8EB1D4F71A3D6184A7CAED103356799CBFE205284B6E92B5D8FB1E416487AACDF01336597C9FC3E6092C4F7295B8DBFE2144678AADD0F4173A5D80
DD002346698CAFD2F5183B5E81A4C7EA0E3154779ABDE00326496C8FB2D5F81B3F6285A8CBEE1134577A9DC0E306294C7093B6D9FC1F426588ABCEF114375A7DA1C4E70A2D507396B9DCFF2245688BAED2F5183B5E81
DE0124476A8DB0D3F6193C5F82A5C8EC0F3255789BBEE104274A6D90B3D6F91D406386A9CCEF1235587B9EC1E4072A4E7194B7DAFD20436689ACCFF215385B7FA2C5E80B2E517497BADD002346698CB0D3F6193C5F82
DF0225486B8EB1D4F71A3D6083A6CAED103356799CBFE205284B6E91B4D7FB1E416487AACDF01336597C9FC2E5082C4F7295B8DBFE2144678AADD0F316395D80A3C6E90C2F527598BBDE0124476A8EB1D4F71A3D6083
E00326496C8FB2D5F81B3E6184A8CBEE1134577A9DC0E306294C6F92B5D9FC1F426588ABCEF114375A7DA0C3E60A2D507396B9DCFF2245688BAED1F4173B5E81A4C7EA0D30537699BCDF0225486C8FB2D5F81B3E6184
E104274A6D90B3D6F91C3F6286A9CCEF1235587B9EC1E4072A4D7093B7DAFD20436689ACCFF215385B7EA1C4E80B2E517497BADD002346698CAFD2F5193C5F82A5C8EB0E3154779ABDE003264A6D90B3D6F91C3F6285
E205284B6E91B4D7FA1D406487AACDF01336597C9FC2E5082B4E7195B8DBFE2144678AADD0F316395C7FA2C6E90C2F527598BBDE0124476A8DB0D3F71A3D6083A6C9EC0F3255789BBEE104284B6E91B4D7FA1D406386
E306294C6F92B5D8FB1E426588ABCEF114375A7DA0C3E6092C4F7396B9DCFF2245688BAED1F4173A5D80A4C7EA0D30537699BCDF0225486B8EB1D5F81B3E6184A7CAED103356799CBFE206294C6F92B5D8FB1E416487
E4072A4D7093B6D9FC20436689ACCFF215385B7EA1C4E70A2D517497BADD002346698CAFD2F5183B5E82A5C8EB0E3154779ABDE00326496C8FB3D6F91C3F6285A8CBEE1134577A9DC0E4072A4D7093B6D9FC1F426588
E5082B4E7194B7DAFE2144678AADD0F316395C7FA2C5E80B2F527598BBDE0124476A8DB0D3F6193C6083A6C9EC0F3255789BBEE104274A6D91B4D7FA1D406386A9CCEF1235587B9EC2E5082B4E7194B7DAFD20436689
E6092C4F7295B8DCFF2245688BAED1F4173A5D80A3C6E90D30537699BCDF0225486B8EB1D4F71A3E6184A7CAED103356799CBFE205284B6F92B5D8FB1E416487AACDF01336597CA0C3E6092C4F7295B8DBFE2144678A
E70A2D507396BADD002346698CAFD2F5183B5E81A4C7EB0E3154779ABDE00326496C8FB2D5F81C3F6285A8CBEE1134577A9DC0E306294D7093B6D9FC1F426588ABCEF114375A7EA1C4E70A2D507396B9DCFF2245688B
E80B2E517498BBDE0124476A8DB0D3F6193C5F82A5C9EC0F3255789BBEE104274A6D90B3D6FA1D406386A9CCEF1235587B9EC1E4072B4E7194B7DAFD20436689ACCFF215385C7FA2C5E80B2E517497BADD002346698D
E90C2F527699BCDF0225486B8EB1D4F71A3D6083A7CAED103356799CBFE205284B6E91B4D8FB1E416487AACDF01336597C9FC2E5092C4F7295B8DBFE2144678AADD0F3163A5D80A3C6E90C2F527598BBDE0124476B8E
EA0D3054779ABDE00326496C8FB2D5F81B3E6185A8CBEE1134577A9DC0E306294C6F92B6D9FC1F426588ABCEF114375A7DA0C3E70A2D507396B9DCFF2245688BAED1F4183B5E81A4C7EA0D30537699BCDF0225496C8F
EB0E3255789BBEE104274A6D90B3D6F91C3F6386A9CCEF1235587B9EC1E4072A4D7094B7DAFD20436689ACCFF215385B7EA1C5E80B2E517497BADD002346698CAFD2F6193C5F82A5C8EB0E3154779ABDE003274A6D90
EC103356799CBFE205284B6E91B4D7FA1D416487AACDF01336597C9FC2E5082B4E7295B8DBFE2144678AADD0F316395C7FA3C6E90C2F527598BBDE0124476A8DB0D4F71A3D6083A6C9EC0F3255789BBEE105284B6E91
EE1134577A9DC0E306294C6F92B5D8FB1F426588ABCEF114375A7DA0C3E6092C507396B9DCFF2245688BAED1F4173A5D81A4C7EA0D30537699BCDF0225486B8EB2D5F81B3E6184A7CAED103356799CBFE306294C6F92
EF1235587B9EC1E4072A4D7093B6D9FD20436689ACCFF215385B7EA1C4E70A2E517497BADD002346698CAFD2F5183B5F82A5C8EB0E3154779ABDE00326496C90B3D6F91C3F6285A8CBEE1134577A9DC1E4072A4D7093
F01336597C9FC2E5082B4E7194B7DBFE2144678AADD0F316395C7FA2C5E80C2F527598BBDE0124476A8DB0D3F6193D6083A6C9EC0F3255789BBEE104274A6E91B4D7FA1D406386A9CCEF1235587B9FC2E5082B4E7194
F114375A7DA0C3E6092C4F7295B9DCFF2245688BAED1F4173A5D80A3C6EA0D30537699BCDF0225486B8EB1D4F71B3E6184A7CAED103356799CBFE205284C6F92B5D8FB1E416487AACDF01336597DA0C3E6092C4F7295
F215385B7EA1C4E70A2D507397BADD002346698CAFD2F5183B5E81A4C8EB0E3154779ABDE00326496C8FB2D5F91C3F6285A8CBEE1134577A9DC0E3062A4D7093B6D9FC1F426588ABCEF114375B7EA1C4E70A2D507396
F316395C7FA2C5E80B2E517598BBDE0124476A8DB0D3F6193C5F82A6C9EC0F3255789BBEE104274A6D90B3D7FA1D406386A9CCEF1235587B9EC1E4082B4E7194B7DAFD20436689ACCFF215395C7FA2C5E80B2E517497
F4173A5D80A3C6E90C2F537699BCDF0225486B8EB1D4F71A3D6084A7CAED103356799CBFE205284B6E91B5D8FB1E416487AACDF01336597C9FC2E6092C4F7295B8DBFE2144678AADD0F3173A5D80A3C6E90C2F527598
F5183B5E81A4C7EA0D3154779ABDE00326496C8FB2D5F81B3E6285A8CBEE1134577A9DC0E306294C6F93B6D9FC1F426588ABCEF114375A7DA0C4E70A2D507396B9DCFF2245688BAED1F5183B5E81A4C7EA0D30537699
F6193C5F82A5C8EB0F3255789BBEE104274A6D90B3D6F91C406386A9CCEF1235587B9EC1E4072A4D7194B7DAFD20436689ACCFF215385B7EA2C5E80B2E517497BADD002346698CAFD3F6193C5F82A5C8EB0E3154779A
F71A3D6083A6C9ED103356799CBFE205284B6E91B4D7FA1E416487AACDF01336597C9FC2E5082B4F7295B8DBFE2144678AADD0F316395C80A3C6E90C2F527598BBDE0124476A8DB1D4F71A3D6083A6C9EC0F3255789B
F81B3E6184A7CBEE1134577A9DC0E306294C6F92B5D8FC1F426588ABCEF114375A7DA0C3E6092D507396B9DCFF2245688BAED1F4173A5E81A4C7EA0D30537699BCDF0225486B8FB2D5F81B3E6184A7CAED103356799C
F91C3F6285A9CCEF1235587B9EC1E4072A4D7093B6DAFD20436689ACCFF215385B7EA1C4E70B2E517497BADD002346698CAFD2F5183C5F82A5C8EB0E3154779ABDE00326496D90B3D6F91C3F6285A8CBEE1134577A9E
FA1D406387AACDF01336597C9FC2E5082B4E7194B8DBFE2144678AADD0F316395C7FA2C5E90C2F527598BBDE0124476A8DB0D3F61A3D6083A6C9EC0F3255789BBEE104274B6E91B4D7FA1D406386A9CCEF1235587C9F
FB1E416588ABCEF114375A7DA0C3E6092C4F7296B9DCFF2245688BAED1F4173A5D80A3C7EA0D30537699BCDF0225486B8EB1D4F81B3E6184A7CAED103356799CBFE205294C6F92B5D8FB1E416487AACDF013365A7DA0
FC1F436689ACCFF215385B7EA1C4E70A2D507497BADD002346698CAFD2F5183B5E81A5C8EB0E3154779ABDE00326496C8FB2D6F91C3F6285A8CBEE1134577A9DC0E3072A4D7093B6D9FC1F426588ABCEF114385B7EA1
FD2144678AADD0F316395C7FA2C5E80B2E527598BBDE0124476A8DB0D3F6193C5F83A6C9EC0F3255789BBEE104274A6D90B4D7FA1D406386A9CCEF1235587B9EC1E5082B4E7194B7DAFD20436689ACCFF216395C7FA2
FF2245688BAED1F4173A5D80A3C6E90C30537699BCDF0225486B8EB1D4F71A3D6184A7CAED103356799CBFE205284B6E92B5D8FB1E416487AACDF01336597C9FC3E6092C4F7295B8DBFE2144678AADD0F4173A5D80A3
002346698CAFD2F5183B5E81A4C7EA0E3154779ABDE00326496C8FB2D5F81B3F6285A8CBEE1134577A9DC0E306294C7093B6D9FC1F426588ABCEF114375A7DA1C4E70A2D507396B9DCFF2245688BAED2F5183B5E81A4
0124476A8DB0D3F6193C5F82A5C8EC0F3255789BBEE104274A6D90B3D6F91D406386A9CCEF1235587B9EC1E4072A4E7194B7DAFD20436689ACCFF215385B7FA2C5E80B2E517497BADD002346698CB0D3F6193C5F82A5
0225486B8EB1D4F71A3D6083A6CAED103356799CBFE205284B6E91B4D7FB1E416487AACDF01336597C9FC2E5082C4F7295B8DBFE2144678AADD0F316395D80A3C6E90C2F527598BBDE0124476A8EB1D4F71A3D6083A6
0326496C8FB2D5F81B3E6184A8CBEE1134577A9DC0E306294C6F92B5D9FC1F426588ABCEF114375A7DA0C3E60A2D507396B9DCFF2245688BAED1F4173B5E81A4C7EA0D30537699BCDF0225486C8FB2D5F81B3E6184A7
04274A6D90B3D6F91C3F6286A9CCEF1235587B9EC1E4072A4D7093B7DAFD20436689ACCFF215385B7EA1C4E80B2E517497BADD002346698CAFD2F5193C5F82A5C8EB0E3154779ABDE003264A6D90B3D6F91C3F6285A8
05284B6E91B4D7FA1D406487AACDF01336597C9FC2E5082B4E7195B8DBFE2144678AADD0F316395C7FA2C6E90C2F527598BBDE0124476A8DB0D3F71A3D6083A6C9EC0F3255789BBEE104284B6E91B4D7FA1D406386A9
06294C6F92B5D8FB1E426588ABCEF114375A7DA0C3E6092C4F7396B9DCFF2245688BAED1F4173A5D80A4C7EA0D30537699BCDF0225486B8EB1D5F81B3E6184A7CAED103356799CBFE206294C6F92B5D8FB1E416487AA
072A4D7093B6D9FC20436689ACCFF215385B7EA1C4E70A2D517497BADD002346698CAFD2F5183B5E82A5C8EB0E3154779ABDE00326496C8FB3D6F91C3F6285A8CBEE1134577A9DC0E4072A4D7093B6D9FC1F426588AB
082B4E7194B7DAFE2144678AADD0F316395C7FA2C5E80B2F527598BBDE0124476A8DB0D3F6193C6083A6C9EC0F3255789BBEE104274A6D91B4D7FA1D406386A9CCEF1235587B9EC2E5082B4E7194B7DAFD20436689AC
092C4F7295B8DCFF2245688BAED1F4173A5D80A3C6E90D30537699BCDF0225486B8EB1D4F71A3E6184A7CAED103356799CBFE205284B6F92B5D8FB1E416487AACDF01336597CA0C3E6092C4F7295B8DBFE2144678AAD
0A2D507396BADD002346698CAFD2F5183B5E81A4C7EB0E3154779ABDE00326496C8FB2D5F81C3F6285A8CBEE1134577A9DC0E306294D7093B6D9FC1F426588ABCEF114375A7EA1C4E70A2D507396B9DCFF2245688BAF
0B2E517498BBDE0124476A8DB0D3F6193C5F82A5C9EC0F3255789BBEE104274A6D90B3D6FA1D406386A9CCEF1235587B9EC1E4072B4E7194B7DAFD20436689ACCFF215385C7FA2C5E80B2E517497BADD002346698DB0
0C2F527699BCDF0225486B8EB1D4F71A3D6083A7CAED103356799CBFE205284B6E91B4D8FB1E416487AACDF01336597C9FC2E5092C4F7295B8DBFE2144678AADD0F3163A5D80A3C6E90C2F527598BBDE0124476B8EB1
0D3054779ABDE00326496C8FB2D5F81B3E6185A8CBEE1134577A9DC0E306294C6F92B6D9FC1F426588ABCEF114375A7DA0C3E70A2D507396B9DCFF2245688BAED1F4183B5E81A4C7EA0D30537699BCDF0225496C8FB2
0E3255789BBEE104274A6D90B3D6F91C3F6386A9CCEF1235587B9EC1E4072A4D7094B7DAFD20436689ACCFF215385B7EA1C5E80B2E517497BADD002346698CAFD2F6193C5F82A5C8EB0E3154779ABDE003274A6D90B3